30
 0 3 0 0 0 0 0 0 0 3 0 0 0 0 0 0 0 0 0 0 0 0 0 0 0 0 6 0 0 4
 0 0 0 0 3 0 0 0 0 12 0 0 0 0 0 25 0 0 0 13 8 0 10 0 0 1 0 3 0 0
 0 0 0 0 0 0 19 0 0 0 0 0 0 18 0 0 0 0 0 0 0 0 0 0 0 0 0 16 7 0
 0 6 3 0 22 0 0 0 0 0 0 12 0 0 0 18 0 18 0 0 0 0 21 0 0 0 6 0 0 0
 20 4 0 0 0 0 0 0 0 0 0 3 0 0 0 0 0 0 0 3 17 0 11 0 0 6 0 0 0 0
 0 0 0 0 4 0 0 0 0 0 0 0 3 0 0 0 0 0 25 0 0 3 0 6 0 0 0 40 3 0
 0 0 0 0 0 6 0 0 0 0 0 3 11 0 0 0 0 0 3 0 0 0 0 0 18 0 0 0 7 0
 38 15 0 0 0 0 0 0 10 0 21 0 0 12 14 0 13 0 6 0 0 36 0 41 10 0 0 0 0 0
 32 0 0 15 0 0 0 0 0 0 0 0 8 0 3 0 30 0 0 34 0 0 0 0 0 0 0 0 0 7
 0 0 18 0 0 27 0 0 0 0 8 0 44 0 0 0 0 0 6 0 0 0 0 0 0 3 0 30 7 0
 0 17 11 0 0 10 14 0 0 9 0 0 10 0 0 0 0 0 17 0 11 8 0 0 5 10 0 22 0 0
 0 0 0 0 0 0 0 0 0 0 0 0 10 3 15 3 0 11 0 17 0 0 10 0 0 1 0 0 0 0
 0 0 11 0 0 0 0 0 0 0 0 0 0 0 0 0 0 0 0 0 0 0 0 0 4 0 0 0 1 0
 21 0 0 0 0 0 0 0 17 0 0 0 0 0 21 0 12 0 0 5 0 3 0 0 0 0 47 0 7 21
 3 0 18 0 0 0 0 0 11 0 0 3 0 0 0 0 6 0 0 0 0 10 0 6 0 0 14 0 0 0
 0 2 0 0 32 6 0 0 0 0 3 0 0 0 0 0 0 0 0 0 4 0 3 0 0 0 0 0 0 0
 0 0 0 0 0 0 3 0 0 0 0 13 0 0 10 0 0 0 0 0 0 4 37 31 0 0 20 0 0 12
 0 1 0 17 0 0 3 0 0 0 0 0 0 7 10 19 0 0 0 17 0 0 38 0 13 0 0 0 0 0
 6 0 16 0 0 0 0 0 0 10 3 0 0 0 0 0 0 0 0 0 19 0 0 0 20 0 0 14 6 0
 0 0 3 23 0 0 0 0 0 0 0 0 0 0 0 0 0 17 0 0 0 0 16 0 0 0 0 0 0 0
 0 0 0 0 8 0 0 0 0 0 0 3 0 0 0 9 0 3 0 14 0 0 12 0 0 4 0 0 0 0
 10 0 0 0 0 0 0 0 0 0 0 0 0 0 0 0 0 0 0 0 16 0 0 0 0 0 0 0 0 16
 0 0 0 0 0 0 0 0 0 0 0 0 17 0 0 0 0 1 0 0 0 0 0 0 0 0 6 0 0 0
 13 0 0 0 0 0 0 3 18 21 0 0 0 0 0 11 0 0 0 0 5 12 0 0 0 0 0 0 0 10
 0 0 20 19 0 3 18 0 0 3 0 4 17 0 15 0 19 0 0 14 0 0 0 0 0 0 0 0 31 0
 0 31 0 10 21 0 0 18 0 0 0 0 0 0 0 62 0 24 7 25 2 14 0 0 0 0 0 0 0 0
 0 0 0 0 0 0 3 0 21 0 0 0 17 0 0 0 34 0 0 0 0 2 0 12 0 0 0 0 0 7
 0 0 0 0 7 0 3 0 0 0 3 0 1 0 0 0 0 0 3 0 0 0 0 15 0 0 0 0 0 8
 0 0 27 11 0 0 10 0 9 0 0 0 7 0 0 0 0 0 0 0 0 0 17 0 0 0 0 12 0 0
 20 0 0 0 3 0 0 11 0 6 0 0 0 0 0 12 0 0 0 0 0 0 0 0 0 0 0 0 0 0
