28
 0 17 0 0 0 0 0 0 0 0 0 0 0 28 0 0 0 0 0 11 0 13 0 0 3 0 0 37
 0 0 3 0 0 0 13 0 0 0 0 0 0 19 0 0 0 0 11 0 0 0 0 3 0 0 0 0
 0 0 0 0 0 24 0 0 0 0 0 0 0 28 3 0 0 0 4 0 0 0 5 10 0 0 0 0
 0 0 0 0 0 0 3 0 0 0 34 17 0 0 6 13 0 27 0 3 11 3 0 0 0 0 28 14
 0 6 0 0 0 0 0 0 4 13 0 2 3 0 0 0 0 0 0 0 0 11 0 0 0 30 0 0
 0 4 0 0 0 0 0 0 0 0 0 0 0 12 6 0 0 0 0 0 0 0 0 0 0 0 0 0
 12 0 0 17 0 0 0 0 0 32 24 0 0 0 0 0 17 0 0 25 21 19 0 26 0 0 0 35
 0 0 15 0 10 0 0 0 0 0 22 6 17 0 0 0 0 0 0 0 6 0 24 0 19 0 0 0
 13 17 0 0 6 0 0 0 0 10 0 0 0 3 0 0 3 3 0 0 0 0 0 0 20 23 0 0
 0 0 0 0 14 0 0 3 13 0 0 0 7 30 28 0 0 0 2 0 0 0 0 0 0 26 0 0
 0 0 13 0 0 3 0 0 0 0 0 0 0 0 0 0 0 3 0 0 3 0 0 0 0 0 0 0
 0 0 0 16 0 2 0 8 0 7 0 0 7 0 26 0 0 0 0 0 0 0 3 0 25 24 8 0
 0 0 0 0 0 0 0 3 0 0 31 0 0 0 7 25 13 0 0 0 0 0 0 0 6 15 1 0
 0 0 0 0 14 0 0 0 0 0 0 0 0 0 0 0 0 0 3 0 0 0 27 0 0 0 15 4
 0 0 0 1 2 0 0 24 0 0 0 0 5 0 0 0 17 0 0 0 4 0 0 0 8 7 0 0
 0 0 10 9 0 0 2 0 0 0 18 20 0 0 0 0 0 4 0 0 0 5 0 0 0 0 0 7
 0 0 0 0 10 0 0 3 13 6 0 20 0 0 0 0 0 0 0 0 0 0 0 0 0 15 0 5
 2 0 3 0 0 5 0 0 0 0 38 0 0 0 0 6 0 0 0 0 0 0 0 0 0 0 0 0
 3 3 0 0 0 7 0 0 11 0 0 0 0 31 0 0 3 0 0 0 0 0 0 3 0 0 12 0
 2 0 0 0 6 0 0 0 0 0 14 0 0 10 0 5 7 0 10 0 0 15 0 0 0 16 0 48
 0 0 0 0 0 5 0 0 0 0 14 0 0 0 0 27 0 44 0 4 0 0 0 0 0 0 0 3
 6 0 0 0 0 0 0 0 0 3 10 0 0 0 0 0 0 0 11 0 5 0 0 3 0 0 0 6
 0 28 7 23 0 35 0 0 0 0 0 0 13 0 0 1 0 3 23 0 0 0 0 0 0 0 0 0
 14 7 0 0 0 13 0 0 38 0 0 0 0 48 0 0 19 0 35 41 0 0 11 0 0 24 0 0
 0 0 17 0 0 9 0 0 0 0 0 0 17 0 0 0 0 4 0 0 0 0 10 0 0 0 0 0
 0 7 0 0 3 0 0 7 17 0 0 0 0 0 0 0 13 0 0 0 0 0 0 0 0 0 0 0
 0 16 9 0 0 51 0 0 0 0 0 30 0 0 0 0 0 14 0 0 24 0 29 3 10 0 0 0
 0 13 0 0 0 0 19 0 0 0 6 0 0 0 0 0 0 0 0 0 0 0 0 0 0 6 0 0
