15
 0 0 0 0 0 0 0 3 0 14 8 6 0 4 4
 0 0 3 0 0 0 0 0 0 18 0 0 0 0 0
 0 23 0 0 9 0 0 42 0 14 10 0 22 24 0
 0 0 0 0 16 17 0 26 2 0 0 0 0 3 0
 18 4 0 0 0 0 15 0 25 0 27 4 3 0 11
 0 4 0 19 0 0 0 0 0 0 0 0 0 42 0
 0 0 17 42 0 38 0 15 28 0 0 26 24 37 0
 0 50 0 0 0 0 0 0 0 17 0 0 0 0 0
 24 6 2 6 0 6 9 0 0 0 0 0 0 11 0
 0 0 0 3 0 0 0 0 0 0 14 0 0 0 0
 8 0 0 0 14 28 0 0 5 0 0 0 0 0 0
 10 15 11 0 10 7 0 0 0 0 33 0 0 0 3
 0 46 0 0 0 10 0 51 0 23 0 14 0 0 3
 0 0 0 15 0 0 0 0 11 6 0 0 0 0 14
 0 0 0 7 27 0 0 7 0 0 31 5 0 0 0
