15
 0 3 0 0 3 0 0 0 0 0 0 10 0 0 0
 0 0 0 0 0 0 0 9 0 23 0 3 0 0 0
 0 12 0 0 10 0 0 6 0 13 0 0 0 0 0
 0 0 0 0 0 0 0 3 0 0 0 0 0 6 0
 18 0 0 24 0 0 0 0 0 0 0 1 0 0 3
 0 11 0 60 0 0 11 0 24 0 0 0 0 18 0
 0 0 21 15 28 10 0 10 22 0 0 0 13 30 0
 0 0 12 0 0 0 0 0 0 21 10 0 0 0 3
 1 0 7 10 0 0 0 0 0 0 1 9 0 4 0
 17 0 3 3 0 18 0 0 0 0 0 0 0 0 0
 23 0 0 0 16 6 0 0 0 5 0 24 0 0 20
 3 0 0 0 1 0 1 0 0 0 0 0 0 0 14
 0 34 21 0 7 0 0 23 27 49 0 12 0 0 0
 1 21 0 16 0 17 0 0 14 0 12 0 7 0 0
 16 0 14 23 5 23 0 0 0 0 0 3 0 0 0
