28
 0 0 0 0 0 21 0 0 0 0 0 0 0 0 0 0 10 0 0 1 0 6 3 0 0 0 18 5
 4 0 0 0 0 0 0 0 0 0 0 0 1 21 0 0 0 0 0 0 0 7 0 0 0 21 0 7
 32 0 0 0 0 32 5 0 0 0 7 0 0 0 0 0 0 14 0 0 20 19 0 0 26 0 27 0
 0 0 0 0 0 0 0 7 0 9 0 34 0 0 0 21 0 3 0 0 0 0 0 0 0 0 8 0
 3 0 0 7 0 0 0 0 10 0 0 0 0 14 0 3 17 0 10 0 12 0 0 0 0 26 0 0
 0 0 0 0 0 0 0 0 0 0 0 0 0 0 0 0 0 0 0 0 0 3 0 0 3 0 3 0
 42 0 0 0 0 3 0 0 0 37 0 0 0 0 0 0 0 0 8 28 0 23 17 0 0 0 3 51
 0 4 12 0 0 2 0 0 0 0 0 3 5 0 0 0 0 0 0 0 0 0 0 0 14 0 0 0
 0 3 0 14 5 0 3 0 0 3 0 0 0 0 0 0 22 0 0 3 11 0 0 0 0 5 0 0
 0 4 0 0 64 0 0 0 12 0 0 0 0 7 0 0 6 0 0 0 7 0 0 0 0 42 0 0
 0 0 0 11 0 4 0 0 0 0 0 0 0 0 0 4 0 0 0 0 3 0 0 0 14 0 24 0
 0 20 7 0 0 0 0 3 0 0 0 0 0 0 20 0 0 0 13 0 0 0 0 7 15 0 22 0
 0 0 0 0 0 17 0 3 0 0 0 15 0 14 2 1 0 0 14 0 15 0 7 0 34 0 0 0
 2 0 0 0 0 0 0 6 0 0 0 16 0 0 0 0 0 0 0 7 0 0 0 0 0 0 0 0
 0 13 0 0 0 0 0 42 0 0 0 0 7 3 0 0 0 4 5 0 0 0 0 0 1 0 3 0
 0 0 0 0 0 16 0 0 7 10 1 27 0 0 3 0 0 24 0 0 18 0 0 0 0 0 0 0
 0 0 0 4 34 0 0 0 7 3 0 0 0 0 0 3 0 0 1 17 0 0 0 7 0 23 0 0
 0 0 0 24 10 3 0 0 6 1 17 0 6 0 0 0 6 0 0 0 11 0 0 0 0 0 0 0
 0 10 0 0 0 0 0 2 0 0 0 0 0 19 0 0 0 0 0 5 0 0 0 0 0 2 0 0
 3 0 3 0 0 7 5 0 0 0 0 0 0 0 0 0 0 0 0 0 0 8 0 0 0 0 3 10
 0 0 0 25 0 0 0 3 0 0 10 0 0 0 0 0 10 7 0 0 0 0 0 0 0 0 0 0
 10 0 0 0 8 0 0 0 0 6 0 0 0 0 0 0 0 0 0 0 0 0 0 32 0 0 15 6
 0 0 37 13 0 27 0 0 0 0 10 0 0 0 18 3 0 0 0 4 0 11 0 0 0 0 19 0
 0 75 0 0 29 0 17 23 6 0 0 0 46 19 30 0 0 0 32 0 0 0 0 0 0 25 0 15
 0 0 0 0 0 0 0 0 0 0 0 1 0 0 29 0 0 0 0 0 0 0 17 0 0 1 2 21
 0 0 0 0 0 0 0 0 10 0 14 0 0 10 0 0 3 0 0 0 0 0 0 0 0 0 0 8
 0 0 0 0 0 7 0 0 0 0 0 0 0 0 0 0 0 0 0 0 14 0 0 0 0 0 0 0
 0 0 0 0 0 0 0 0 0 0 14 0 0 3 0 0 0 0 14 0 0 0 0 0 0 0 0 0
