28
 0 6 0 0 0 0 0 0 0 0 0 0 0 10 0 0 0 14 0 0 0 16 0 0 0 0 0 0
 0 0 0 0 0 0 0 0 0 4 0 0 3 34 4 0 0 0 10 0 0 0 0 8 13 36 0 0
 0 0 0 0 0 1 0 0 0 0 31 5 6 0 0 0 0 20 0 0 0 0 3 0 0 0 0 0
 0 0 0 0 15 19 0 3 0 10 64 23 0 0 3 18 0 5 0 0 14 0 18 0 0 7 0 0
 0 0 0 0 0 0 0 0 10 24 14 0 0 0 0 0 21 0 3 3 6 0 0 0 0 28 0 0
 0 0 2 0 0 0 0 0 0 0 0 0 0 0 0 0 0 22 0 3 0 0 0 0 0 0 0 0
 28 4 12 0 4 12 0 0 0 3 0 0 0 0 0 0 0 0 9 5 0 12 10 0 0 0 0 3
 5 0 10 0 0 31 0 0 0 0 0 7 11 0 0 0 7 20 0 0 0 0 7 0 6 0 2 0
 0 0 0 3 10 0 56 0 0 13 9 0 0 11 0 4 24 0 0 0 14 0 0 0 0 28 0 0
 0 0 0 0 0 0 0 0 0 0 4 0 0 0 0 0 20 0 0 0 0 0 0 0 0 29 0 0
 0 0 0 0 0 0 0 0 0 0 0 0 0 0 0 0 0 0 0 0 1 0 0 0 0 0 0 0
 0 11 0 27 0 0 0 0 0 0 0 0 4 7 13 35 0 0 0 0 0 0 0 0 20 0 0 0
 0 0 0 0 0 0 0 0 0 0 0 0 0 0 8 8 0 0 3 0 0 0 0 0 3 0 0 0
 0 0 0 0 0 0 0 0 0 2 0 0 6 0 0 0 0 0 0 6 0 0 0 0 0 0 0 0
 0 0 0 0 0 24 0 4 0 0 16 0 2 3 0 0 0 0 0 0 0 0 0 6 27 0 0 0
 0 0 0 0 3 24 0 0 0 3 15 0 0 0 0 0 0 20 0 0 0 0 0 0 0 19 0 0
 55 1 0 0 0 0 0 0 0 14 0 0 0 6 0 0 0 0 0 0 0 0 0 3 0 17 0 0
 0 0 0 3 0 0 0 0 0 0 15 0 0 0 0 0 3 0 0 0 3 0 0 0 0 0 4 0
 24 21 0 0 0 0 0 0 0 0 0 7 0 24 27 0 26 0 0 0 0 7 0 7 3 16 0 0
 18 0 3 0 0 0 13 0 0 0 0 0 0 0 0 0 0 0 0 0 0 0 3 2 0 7 4 0
 0 0 3 0 0 0 0 0 0 3 11 0 21 0 0 21 0 7 0 0 0 0 0 0 0 3 0 0
 20 0 2 0 0 7 24 0 0 17 0 0 0 0 0 0 0 0 0 28 0 0 9 0 0 0 7 2
 0 0 7 0 0 13 0 0 0 0 18 0 6 0 0 0 0 14 0 0 0 0 0 0 0 0 12 0
 4 0 0 0 38 0 0 0 32 0 0 14 20 40 0 0 0 0 14 0 0 16 0 0 2 0 0 0
 0 0 0 0 0 6 0 3 0 0 28 0 11 14 0 0 0 0 0 0 7 0 20 0 0 0 0 0
 0 0 0 0 0 0 0 0 9 0 14 0 0 0 0 0 0 0 0 0 0 1 0 0 0 0 0 0
 0 0 7 0 0 55 3 28 0 0 0 10 0 0 30 4 0 0 0 0 10 0 25 0 0 0 0 0
 40 56 25 13 13 7 2 0 76 0 0 0 0 21 0 0 0 0 0 21 0 23 27 0 0 0 3 0
