15
 0 0 0 0 4 4 0 0 0 0 21 5 0 0 0
 23 0 7 0 0 0 0 0 0 26 0 0 5 0 0
 0 6 0 0 0 0 2 0 0 32 0 26 19 0 0
 0 0 0 0 0 18 1 0 2 4 0 0 0 0 0
 28 17 0 0 0 0 14 0 0 0 8 10 0 0 24
 0 0 15 4 0 0 8 4 2 0 0 0 0 17 16
 25 0 0 16 0 9 0 0 3 0 0 0 17 3 0
 0 56 38 22 0 0 0 0 12 47 21 0 38 5 0
 0 3 0 3 27 7 4 0 0 0 17 0 24 7 0
 0 0 9 0 7 0 0 0 0 0 0 0 18 0 0
 0 0 0 0 3 0 0 0 0 28 0 7 0 4 0
 0 0 0 4 3 0 0 7 0 0 0 0 0 0 7
 14 19 0 0 0 0 0 0 0 7 0 0 0 0 0
 0 9 0 17 0 7 19 0 7 15 0 14 0 0 1
 39 0 2 26 0 14 0 0 0 0 39 3 6 0 0
