30
 0 0 0 0 0 13 0 13 0 2 0 0 0 0 3 3 0 0 0 0 2 0 0 17 0 0 0 0 0 5
 0 0 0 0 33 7 0 0 0 7 0 7 0 0 0 33 0 22 3 31 18 14 0 5 0 14 0 0 0 0
 0 0 0 0 0 0 14 0 0 9 0 7 0 0 0 0 3 0 0 0 0 0 14 0 0 0 0 0 0 0
 0 0 0 0 16 0 13 0 0 0 0 30 1 0 0 0 23 6 0 3 12 0 0 0 0 5 0 0 0 0
 0 0 0 0 0 0 0 0 0 0 0 8 0 0 0 11 0 0 0 0 14 0 0 0 0 0 0 0 0 0
 0 0 21 0 0 0 0 1 0 4 0 0 0 0 0 0 0 0 0 0 0 0 0 0 0 0 0 0 3 0
 0 0 0 0 0 0 0 0 0 6 0 0 0 0 0 0 0 0 0 0 0 0 0 0 6 0 0 0 0 0
 35 0 0 0 7 0 0 0 0 0 0 0 0 0 0 0 0 0 0 0 0 34 0 38 0 0 8 0 0 37
 0 15 0 0 0 0 7 19 0 0 0 0 13 27 32 0 43 35 0 6 0 0 13 25 0 0 12 0 0 22
 0 0 0 0 0 23 0 0 0 0 7 0 0 0 0 0 0 0 0 0 0 0 0 0 3 0 0 24 0 0
 0 0 18 0 7 9 7 0 0 19 0 0 0 0 0 0 0 0 0 0 0 34 0 8 0 14 0 8 8 0
 0 0 0 0 0 0 13 0 0 0 0 0 0 0 5 0 0 0 0 0 0 0 1 0 0 0 0 0 0 0
 0 0 40 0 0 1 30 0 0 15 0 0 0 5 0 0 0 7 0 15 0 0 0 0 18 0 0 5 5 0
 10 0 0 0 0 0 0 3 0 0 0 0 0 0 16 0 27 0 0 0 0 0 0 3 0 0 11 0 0 0
 0 0 1 2 0 0 0 0 0 0 0 0 0 1 0 0 0 0 0 0 0 0 0 3 0 0 0 0 6 0
 0 0 0 1 0 8 0 0 0 0 0 0 0 0 0 0 0 0 0 14 0 0 20 0 0 0 0 0 0 0
 3 0 0 0 0 0 17 1 0 0 0 0 0 0 8 0 0 0 0 0 0 3 0 0 0 0 16 0 0 0
 0 0 0 13 4 0 0 0 10 0 0 22 0 0 0 14 10 0 0 3 20 0 0 0 21 0 0 0 0 0
 20 0 10 0 0 29 21 10 0 44 27 0 40 0 0 7 0 0 0 0 7 0 0 0 0 0 0 24 10 34
 0 0 0 4 0 0 0 0 0 0 0 28 0 30 0 0 0 3 0 0 3 0 0 0 14 3 0 0 11 0
 0 0 0 0 5 0 0 19 0 0 0 6 0 0 0 28 0 0 0 0 0 0 0 0 0 0 0 6 0 0
 31 0 0 0 0 0 0 0 4 0 0 0 0 21 18 0 0 0 0 0 0 0 0 30 0 0 0 0 0 7
 0 25 0 29 27 0 0 0 0 0 0 38 10 3 0 0 0 16 0 31 0 0 0 0 0 0 1 0 21 0
 0 0 0 0 0 0 0 0 0 1 0 0 0 0 0 3 0 0 0 0 0 0 0 0 0 0 0 0 0 5
 0 0 17 0 0 5 0 0 0 0 7 0 15 7 0 0 0 0 0 0 0 0 0 0 0 0 3 0 0 0
 0 11 0 0 5 0 0 0 0 22 3 3 0 0 0 37 0 0 0 0 42 24 6 0 0 0 0 0 0 35
 19 0 0 0 0 0 0 0 0 0 0 4 0 12 28 0 0 0 0 0 0 0 0 38 0 0 0 0 2 10
 0 0 0 0 3 26 35 0 0 0 2 0 0 0 0 0 0 0 3 0 0 17 0 0 13 0 0 0 0 0
 0 0 6 0 0 0 39 0 0 0 0 0 3 0 0 0 0 0 0 0 0 0 0 0 19 0 0 9 0 0
 0 0 0 0 3 0 0 0 0 0 0 0 0 0 4 0 10 0 0 0 0 7 0 25 0 0 0 4 0 0
