28
 0 0 0 0 0 0 0 0 0 0 0 0 0 6 0 0 0 0 0 19 0 0 0 10 0 0 0 3
 3 0 0 0 0 0 0 0 0 14 0 0 0 2 0 0 0 34 0 0 3 0 0 0 0 28 0 0
 0 0 0 0 13 16 0 0 0 11 0 0 0 0 12 0 0 2 0 0 0 0 8 0 0 0 10 0
 0 27 0 0 0 0 0 10 0 0 38 0 0 33 0 25 0 43 4 0 4 0 29 3 0 0 3 0
 0 10 0 0 0 0 0 0 3 20 0 0 0 0 0 0 0 0 0 0 0 0 24 0 0 17 0 0
 0 0 20 0 3 0 0 0 0 0 0 0 0 0 3 0 0 10 0 0 0 0 0 0 18 0 0 0
 17 24 0 35 13 0 0 4 34 0 0 7 0 0 15 0 0 0 0 33 0 34 0 10 27 0 0 13
 0 0 12 0 0 0 0 0 0 0 0 1 8 0 4 0 0 0 0 14 11 0 0 0 4 0 6 0
 0 0 10 0 13 6 0 0 0 0 0 0 0 0 0 0 14 0 0 0 0 0 0 0 0 31 0 0
 0 0 0 0 14 1 0 0 42 0 0 0 0 15 0 0 0 0 0 0 0 3 14 0 0 5 2 0
 3 0 11 3 0 4 0 0 0 0 0 0 0 0 0 11 0 6 0 0 7 0 0 0 0 10 0 0
 0 0 0 0 0 0 0 22 0 0 0 0 16 0 20 0 0 7 0 0 16 7 0 0 29 0 0 19
 6 0 1 0 0 17 0 3 0 0 46 17 0 0 46 0 0 0 0 0 0 0 0 0 28 15 0 0
 0 11 0 0 0 0 4 0 0 0 0 0 0 0 0 0 0 14 0 21 8 0 0 0 0 4 0 0
 0 0 0 17 0 0 0 24 0 0 0 21 0 0 0 0 0 0 0 3 0 0 0 0 36 0 0 1
 0 4 4 27 0 0 0 0 0 0 28 0 31 16 13 0 0 24 0 0 2 0 0 0 2 0 3 0
 0 0 4 0 29 35 0 0 17 23 0 0 0 14 0 0 0 0 0 0 0 0 3 0 0 34 0 0
 0 0 0 0 0 0 0 0 0 0 3 0 0 0 0 0 0 0 0 0 21 0 0 0 0 0 0 0
 9 11 0 0 22 0 0 0 6 0 0 0 0 26 0 11 0 17 0 0 20 0 0 0 0 2 0 17
 10 0 0 0 13 0 0 0 0 20 0 14 0 0 0 0 0 0 0 0 0 0 0 0 13 0 0 17
 0 0 0 7 0 3 0 0 0 0 0 0 0 0 0 12 0 9 0 0 0 0 0 0 0 0 0 0
 21 0 0 0 0 0 24 30 0 0 0 0 0 0 21 0 11 0 18 23 0 0 0 0 3 0 0 4
 0 0 10 0 0 32 0 0 3 0 16 24 17 0 0 0 0 0 0 0 17 0 0 0 6 0 6 0
 0 77 0 0 0 0 0 0 18 0 0 0 0 20 0 24 3 12 7 17 17 6 0 0 0 7 0 7
 0 0 0 0 0 0 0 3 0 0 0 0 0 0 0 0 0 4 0 0 0 0 0 0 0 0 0 0
 20 0 0 0 3 0 0 0 4 28 0 0 0 0 0 0 0 0 0 0 0 0 0 0 0 0 0 0
 0 0 3 24 17 30 0 0 3 0 10 3 27 0 0 0 4 0 0 0 0 0 0 0 0 0 0 0
 38 7 0 0 0 0 3 31 3 0 0 0 0 0 0 0 19 0 0 18 0 4 0 0 13 0 0 0
