31
 0 0 0 0 0 0 0 0 4 0 4 0 0 0 0 0 0 0 0 0 0 0 21 0 5 0 0 0 0 0 0
 23 0 0 0 7 0 0 0 0 0 0 0 0 0 0 0 0 0 0 0 0 26 0 0 0 0 5 0 0 0 0
 0 6 0 0 0 0 25 39 0 0 0 0 0 0 0 0 0 0 0 0 0 23 0 0 0 7 0 0 0 27 0
 10 0 3 0 0 0 0 0 0 0 0 0 25 0 0 0 0 0 25 0 13 0 0 14 26 3 0 0 0 0 17
 0 6 0 0 0 0 24 14 0 0 0 2 0 0 0 0 0 0 0 0 0 32 0 0 26 0 19 0 0 0 0
 0 0 0 0 0 0 0 0 0 0 18 1 0 0 3 3 0 0 0 2 0 4 0 0 0 0 0 0 0 0 0
 0 0 0 0 0 0 0 17 0 0 0 0 0 0 0 0 0 0 0 0 0 0 0 0 0 7 14 0 0 0 0
 0 0 0 0 0 0 0 0 0 0 0 0 0 0 0 0 0 0 0 0 0 5 0 0 0 1 0 0 0 0 0
 28 17 0 0 0 0 0 0 0 0 0 14 0 0 0 0 0 0 20 0 0 0 8 0 10 0 0 0 0 0 24
 0 0 0 0 0 0 0 0 0 0 10 21 0 0 0 16 0 9 0 0 0 0 0 0 0 0 0 6 0 0 0
 0 0 0 0 15 4 0 0 0 0 0 8 0 0 0 0 4 0 0 2 0 0 0 0 0 0 0 8 17 0 16
 25 0 0 0 0 16 0 0 0 0 9 0 0 0 0 28 0 4 0 3 0 0 0 0 0 0 17 0 3 0 0
 0 0 0 17 0 0 21 1 10 0 0 0 0 0 8 8 0 0 3 0 5 0 8 10 27 0 0 0 0 0 3
 0 23 10 0 2 0 48 27 0 3 0 0 0 0 0 0 0 0 55 0 0 18 0 10 0 28 38 0 0 0 0
 0 0 27 0 0 0 0 0 0 22 10 0 0 0 0 34 0 3 0 3 2 0 0 0 0 16 0 0 0 0 0
 0 0 0 0 0 0 27 13 0 6 10 0 0 0 7 0 0 3 0 0 0 0 0 0 0 0 0 6 0 0 0
 0 56 17 0 38 22 28 31 0 0 0 0 0 0 0 0 0 0 0 12 0 47 21 0 0 0 38 0 5 7 0
 0 0 0 6 0 7 0 0 0 0 0 0 0 0 3 19 0 0 0 5 0 0 0 1 0 0 0 9 45 0 0
 3 0 0 0 0 0 0 0 0 17 0 0 3 0 0 3 0 7 0 0 11 0 0 0 3 0 0 3 0 17 0
 0 3 0 0 0 3 0 0 27 3 7 4 0 0 0 8 0 0 0 0 0 0 17 0 0 0 24 0 7 0 0
 24 0 17 0 0 0 0 12 7 1 0 0 3 0 0 0 0 0 0 0 0 0 2 2 0 0 0 0 0 0 0
 0 0 0 0 9 0 0 0 7 0 0 0 0 0 0 0 0 0 0 0 0 0 0 0 0 0 18 0 0 0 0
 0 0 0 2 0 0 0 0 3 0 0 0 0 0 0 0 0 0 0 0 0 28 0 13 7 0 0 0 4 0 0
 5 0 0 10 0 0 0 0 1 8 0 0 0 0 0 0 0 0 15 0 7 0 0 0 0 0 0 10 0 0 0
 0 0 0 0 0 4 0 0 3 0 0 0 0 0 0 0 7 0 0 0 15 0 0 0 0 0 0 0 0 0 7
 0 4 3 0 10 0 14 43 0 0 0 0 0 0 0 0 0 0 0 0 0 0 0 0 0 0 21 0 0 0 0
 14 19 0 0 0 0 0 0 0 0 0 0 0 0 0 0 0 0 0 0 0 7 0 0 0 0 0 0 0 2 0
 0 0 0 10 0 1 17 0 0 3 0 20 0 0 21 0 0 1 0 0 0 0 0 0 0 19 0 0 0 0 0
 0 9 0 0 0 17 0 0 0 3 7 19 0 0 7 0 0 0 0 7 0 15 0 0 14 0 0 13 0 0 1
 0 13 3 6 0 0 11 29 0 0 0 0 3 47 0 0 3 7 0 0 0 3 0 0 0 17 0 0 0 0 0
 39 0 0 0 2 26 0 0 0 0 14 0 0 0 0 0 0 0 11 0 0 0 39 7 3 0 6 0 0 0 0
