30
 0 0 0 0 0 0 0 0 0 0 0 0 0 0 0 3 0 0 0 0 14 8 0 6 0 0 0 4 0 4
 0 0 0 0 3 0 0 0 0 0 0 0 0 0 0 0 0 0 0 0 18 0 0 0 0 0 0 0 0 0
 0 0 0 0 0 0 0 0 0 0 0 0 0 0 0 6 5 0 0 0 7 0 0 0 14 0 0 0 0 0
 0 0 0 0 0 0 14 3 0 0 0 3 0 11 0 0 0 0 0 7 0 3 28 7 0 0 0 0 0 25
 0 23 11 0 0 0 0 9 0 0 0 0 0 0 0 42 0 0 0 0 14 10 0 0 4 22 0 24 25 0
 0 0 0 0 0 0 0 16 0 17 0 0 0 0 13 26 2 0 2 0 0 0 0 0 0 0 0 3 0 0
 0 10 10 0 0 0 0 0 0 0 0 7 7 0 0 0 0 0 0 0 15 0 0 0 10 0 0 0 8 0
 18 4 0 0 0 0 0 0 0 0 15 0 0 0 0 0 0 19 25 6 0 27 0 4 0 3 0 0 0 11
 0 0 11 0 0 5 4 0 0 0 0 0 0 27 11 0 6 0 4 26 0 0 25 0 0 0 37 4 0 0
 0 4 0 0 0 19 0 0 0 0 0 0 0 0 0 0 0 0 0 0 0 0 0 0 0 0 1 42 0 0
 0 0 0 0 17 42 0 0 35 38 0 0 0 0 32 15 0 0 28 14 0 0 0 26 0 24 21 37 0 0
 7 0 5 3 0 0 0 1 0 0 0 0 0 5 0 0 0 4 0 0 0 0 19 27 0 0 0 0 0 0
 0 2 6 3 10 0 3 0 3 0 0 0 0 0 0 0 0 0 0 0 0 0 4 0 15 0 7 0 6 0
 0 0 0 0 0 4 0 0 3 4 7 0 0 0 0 0 16 0 15 0 0 0 0 0 0 0 36 0 1 0
 0 0 0 0 0 0 13 0 6 6 0 7 0 17 0 0 6 0 0 0 0 0 0 0 0 0 22 0 0 0
 0 50 0 0 0 0 10 0 0 0 0 0 3 0 0 0 0 0 0 0 17 0 0 0 0 0 0 0 0 0
 0 0 0 0 0 0 0 0 0 16 0 0 14 19 9 0 0 10 0 0 0 0 21 0 0 0 6 0 0 0
 28 0 0 16 0 0 0 0 0 0 0 24 0 0 0 0 0 0 0 14 0 0 12 0 0 0 0 0 3 0
 24 6 0 0 2 6 0 0 0 6 9 0 0 0 0 0 3 0 0 0 0 0 0 0 0 0 0 11 0 0
 31 0 8 3 0 0 0 0 0 0 0 32 17 0 38 0 0 19 0 0 0 1 28 0 25 0 0 0 0 0
 0 0 0 0 0 3 0 0 0 0 0 0 4 0 0 0 0 0 0 0 0 14 0 0 0 0 0 0 0 0
 8 0 0 0 0 0 0 14 0 28 0 0 0 0 0 0 0 10 5 0 0 0 7 0 0 0 0 0 0 0
 10 0 0 0 0 0 0 0 0 0 0 0 0 0 0 0 0 0 0 0 0 0 0 0 0 0 0 0 0 0
 10 15 0 0 11 0 0 10 0 7 0 0 0 0 0 0 0 7 0 0 0 33 1 0 0 0 0 0 0 3
 0 3 14 18 0 0 10 0 0 0 0 28 25 10 13 36 0 7 0 0 0 0 0 0 0 0 0 0 14 0
 0 46 18 0 0 0 7 0 0 10 0 0 0 0 0 51 0 0 0 0 23 0 0 14 10 0 0 0 1 3
 0 0 0 8 0 0 0 0 0 0 0 0 0 0 19 0 7 7 19 0 0 0 0 0 0 0 0 4 7 0
 0 0 0 0 0 15 0 0 0 0 0 0 0 0 8 0 3 0 11 0 6 0 0 0 0 0 0 0 0 14
 0 10 19 0 0 0 3 0 0 0 0 0 7 0 0 0 0 0 0 0 17 0 25 0 10 0 0 0 0 0
 0 0 0 0 0 7 0 27 0 0 0 15 0 0 0 7 0 0 0 5 0 31 15 5 0 0 0 0 0 0
