28
 0 11 0 0 0 0 17 0 0 0 3 0 0 0 0 0 0 20 0 0 0 2 0 0 0 0 0 0
 0 0 0 0 0 21 19 0 0 0 0 0 0 7 0 0 0 0 1 0 0 0 0 0 0 0 20 0
 0 3 0 0 0 0 0 1 0 0 0 0 0 0 0 0 0 0 0 0 0 0 10 0 0 0 0 0
 31 0 42 0 0 0 0 1 0 0 40 0 0 0 62 20 0 31 0 4 26 7 0 0 0 0 0 0
 10 6 0 0 0 0 0 3 6 32 0 0 0 29 0 0 3 0 10 0 0 0 0 0 17 33 0 0
 0 0 28 0 0 0 0 0 0 0 0 0 5 3 0 0 0 34 0 0 5 0 28 0 0 0 47 0
 31 0 0 0 0 0 0 0 0 0 0 0 3 3 0 0 0 0 4 0 0 0 0 0 0 8 0 10
 0 0 0 0 0 0 0 0 0 9 10 1 10 0 0 0 0 0 0 0 0 0 0 0 3 0 0 0
 0 7 0 0 17 0 0 13 0 7 0 0 0 0 0 0 7 0 17 0 0 0 0 0 0 0 0 0
 3 0 0 0 0 0 0 0 3 0 0 0 0 12 13 0 14 0 0 0 0 0 0 0 0 10 0 0
 0 0 0 0 0 14 0 0 0 0 0 4 0 0 0 0 0 3 0 0 11 1 0 0 0 0 0 7
 0 0 34 0 11 0 0 11 19 14 0 0 20 0 5 0 3 30 0 0 0 0 0 0 0 0 0 0
 0 0 10 0 0 0 0 12 0 0 0 0 0 0 0 0 0 0 0 0 57 0 0 0 17 31 0 0
 0 20 15 0 0 0 0 0 0 0 0 0 0 0 0 0 0 0 0 0 0 0 0 11 0 21 4 0
 0 0 0 0 14 27 0 8 7 0 0 0 20 0 0 3 4 0 0 0 0 0 17 0 11 0 0 0
 20 0 17 23 0 0 0 0 0 0 26 1 0 0 0 0 0 10 0 0 18 3 22 0 7 0 0 0
 0 0 0 0 28 0 0 5 10 16 0 0 0 0 0 0 0 0 29 0 0 0 0 0 3 0 0 0
 0 0 0 0 0 0 0 0 0 0 2 0 0 0 0 0 0 0 0 0 0 0 0 0 0 0 0 0
 21 3 5 0 0 14 0 0 0 0 0 0 0 7 0 0 0 0 0 0 0 0 0 3 0 28 0 0
 4 0 0 1 28 0 35 0 20 0 17 0 0 24 0 17 8 3 0 0 0 7 0 2 0 0 0 15
 0 0 3 0 0 0 15 0 0 0 0 0 0 0 0 0 0 59 0 0 0 0 0 0 0 2 5 0
 2 1 0 0 0 0 15 0 0 31 0 0 0 6 0 0 8 28 0 18 0 0 0 0 0 0 0 14
 0 12 35 0 0 0 0 17 0 0 0 0 22 31 0 0 0 21 3 0 17 0 0 0 0 0 11 0
 0 16 3 0 0 3 18 0 0 4 0 0 0 16 0 0 3 0 1 4 0 0 20 0 0 24 3 31
 0 0 0 0 0 15 0 5 20 6 0 13 3 0 0 0 0 13 0 0 0 0 0 0 0 0 3 0
 0 6 0 0 0 0 0 0 20 12 0 0 0 0 0 0 16 0 0 0 0 0 0 0 0 0 0 0
 0 0 56 3 0 31 0 0 0 0 14 17 10 0 0 0 0 0 13 0 0 0 20 0 0 0 0 0
 59 0 0 15 1 0 4 0 3 0 0 0 0 0 0 22 0 15 14 0 0 20 0 0 0 0 0 0
