15
 0 0 0 13 13 2 0 3 0 2 0 17 0 0 5
 0 0 33 7 0 7 0 33 3 18 14 5 14 0 0
 0 0 0 0 0 0 0 11 0 14 0 0 0 0 0
 0 0 0 0 1 4 0 0 0 0 0 0 0 0 0
 35 0 7 0 0 0 0 0 0 0 34 38 0 0 37
 0 0 0 23 0 0 7 0 0 0 0 0 0 24 0
 0 0 7 9 0 19 0 0 0 0 34 8 14 8 0
 0 0 0 8 0 0 0 0 0 0 0 0 0 0 0
 20 0 0 29 10 44 27 7 0 7 0 0 0 24 34
 0 0 5 0 19 0 0 28 0 0 0 0 0 6 0
 31 0 0 0 0 0 0 0 0 0 0 30 0 0 7
 0 0 0 0 0 1 0 3 0 0 0 0 0 0 5
 0 11 5 0 0 22 3 37 0 42 24 0 0 0 35
 0 0 3 26 0 0 2 0 3 0 17 0 0 0 0
 0 0 3 0 0 0 0 0 0 0 7 25 0 4 0
