15
 0 3 0 0 0 3 0 0 0 0 0 0 0 0 4
 0 0 3 0 0 12 0 25 0 8 0 0 1 3 0
 20 4 0 0 0 0 0 0 0 17 0 0 6 0 0
 0 0 4 0 0 0 0 0 25 0 3 6 0 40 0
 38 15 0 0 0 0 21 0 6 0 36 41 0 0 0
 0 0 0 27 0 0 8 0 6 0 0 0 3 30 0
 0 17 0 10 0 9 0 0 17 11 8 0 10 22 0
 0 2 32 6 0 0 3 0 0 4 0 0 0 0 0
 6 0 0 0 0 10 3 0 0 19 0 0 0 14 0
 0 0 8 0 0 0 0 9 0 0 0 0 4 0 0
 10 0 0 0 0 0 0 0 0 16 0 0 0 0 16
 13 0 0 0 3 21 0 11 0 5 12 0 0 0 10
 0 31 21 0 18 0 0 62 7 2 14 0 0 0 0
 0 0 7 0 0 0 3 0 3 0 0 15 0 0 8
 20 0 3 0 11 6 0 12 0 0 0 0 0 0 0
