16
 0 0 0 20 0 7 6 29 13 0 7 0 0 35 0 0
 0 0 8 7 0 0 0 0 0 0 0 0 35 0 13 14
 13 9 0 0 0 0 0 0 19 13 32 0 0 0 17 3
 0 0 0 0 0 38 0 8 6 0 0 0 0 6 0 0
 0 16 14 0 0 0 0 0 0 7 0 48 0 21 13 18
 0 0 0 0 0 0 0 0 0 0 0 0 0 0 0 5
 26 0 0 13 10 48 0 19 0 0 0 0 6 38 0 0
 0 0 0 0 0 7 0 0 0 0 0 0 0 0 0 0
 0 0 0 26 31 31 19 28 0 0 37 0 3 26 0 0
 31 11 10 0 0 18 0 5 3 0 21 26 0 0 31 3
 0 3 0 0 9 0 0 0 0 0 0 0 0 0 24 39
 0 27 28 4 0 0 0 0 0 0 30 0 14 0 19 13
 19 0 0 4 0 14 0 57 0 0 0 0 0 13 0 0
 0 0 0 0 0 12 0 38 0 0 0 0 3 0 0 0
 0 0 0 0 0 0 10 0 0 3 0 0 0 17 0 0
 0 0 0 0 0 0 0 2 0 0 0 0 0 0 3 0
