16
 0 14 16 0 0 4 0 20 0 0 0 0 0 7 3 0
 0 0 0 0 0 0 0 7 0 0 0 0 0 0 8 1
 0 25 0 0 0 0 0 15 25 4 38 0 1 0 39 0
 0 0 0 0 17 0 7 0 1 0 6 0 0 0 0 0
 0 0 0 0 0 0 0 24 4 0 8 14 0 0 0 16
 0 0 0 10 1 0 30 0 10 0 0 0 0 0 0 7
 0 1 0 5 1 13 0 0 13 0 0 0 0 0 0 18
 3 0 0 21 0 0 0 0 0 11 0 0 0 0 10 0
 0 0 0 3 0 1 0 0 0 0 0 18 0 0 0 7
 24 10 18 8 32 0 0 0 0 0 0 2 3 0 27 0
 0 0 0 0 0 3 14 0 16 0 0 8 0 0 0 21
 3 0 0 43 2 14 14 0 0 0 15 0 0 0 11 14
 15 10 13 0 0 0 9 34 0 0 0 0 0 2 19 21
 12 23 5 0 0 0 0 23 21 35 23 0 32 0 3 0
 0 13 0 0 0 3 0 0 0 0 0 0 0 0 0 0
 0 0 0 4 0 0 0 0 0 0 0 0 0 0 0 0
