16
 0 0 0 0 0 0 3 0 0 0 0 0 13 0 0 0
 26 0 21 0 0 0 0 0 0 0 3 0 0 0 7 24
 0 0 0 0 8 0 0 0 0 19 2 4 0 0 14 0
 2 0 0 0 0 19 7 9 19 0 0 0 5 7 38 0
 0 3 0 0 0 2 0 0 0 3 8 13 0 2 7 8
 14 0 1 0 0 0 39 0 0 0 0 0 0 0 0 0
 0 14 0 1 0 0 0 0 0 0 0 0 3 0 0 0
 56 0 0 0 8 14 2 0 7 3 0 0 45 7 0 0
 10 0 0 0 0 33 7 0 0 0 0 2 8 0 0 0
 0 20 3 0 0 0 0 10 10 0 15 47 0 0 14 24
 0 0 0 3 0 0 0 0 0 0 0 0 4 0 3 24
 0 6 0 1 0 0 0 7 0 0 24 0 0 0 0 39
 0 0 0 0 0 3 0 0 0 0 0 0 0 3 0 0
 6 0 3 0 11 14 3 0 14 0 0 0 27 0 0 0
 0 0 7 0 0 0 0 0 0 8 0 6 18 0 0 0
 18 0 6 0 3 0 14 0 0 0 7 0 0 0 13 0
