32
 0 0 0 0 3 0 0 0 3 0 3 0 0 0 0 0 0 0 0 0 0 0 0 14 0 0 0 0 11 0 0 0
 0 0 3 0 71 0 27 0 0 0 21 20 0 0 0 0 0 0 0 0 6 0 9 7 0 0 0 0 0 0 0 0
 0 0 0 0 0 0 15 5 0 11 0 0 4 0 7 0 0 0 0 0 0 0 0 0 0 0 0 0 0 0 1 0
 0 0 0 0 0 6 18 0 0 0 7 0 7 0 0 0 7 0 0 30 6 0 0 0 0 0 0 0 0 0 0 0
 0 0 3 0 0 10 21 7 0 0 24 0 0 0 0 0 0 0 0 0 7 0 4 0 0 0 0 0 0 0 0 0
 0 1 0 0 0 0 0 0 0 0 3 0 0 0 0 0 0 0 0 0 4 0 0 0 7 0 0 0 0 0 0 0
 0 0 0 0 0 0 0 0 0 0 0 0 35 0 0 0 0 0 0 0 0 0 7 0 0 0 0 0 0 0 0 0
 0 8 1 0 0 0 20 0 0 0 0 0 17 0 1 0 0 0 0 0 0 0 9 0 3 0 0 0 0 0 3 0
 0 0 0 0 1 0 0 0 0 0 0 0 0 0 2 0 0 3 0 0 0 0 0 0 0 0 0 0 0 0 8 7
 30 0 0 5 0 0 0 0 0 0 0 0 0 0 0 10 17 7 0 0 0 8 0 0 0 0 0 10 22 0 0 0
 0 0 0 0 0 3 0 0 2 0 0 0 0 0 0 0 0 0 0 0 0 0 5 0 0 0 0 0 0 0 0 0
 0 3 0 10 3 23 0 0 0 0 32 0 0 0 0 0 0 0 0 14 4 18 0 0 0 0 0 6 0 0 0 21
 0 0 0 0 0 0 0 0 9 0 0 0 0 0 2 0 0 0 0 0 0 0 0 2 0 0 18 0 0 0 0 0
 0 0 2 0 0 0 7 5 17 3 0 0 36 0 10 0 0 0 0 0 0 0 0 0 0 22 0 0 0 0 0 0
 0 0 0 0 0 0 14 0 0 0 0 0 3 0 0 7 0 0 0 0 0 0 0 0 25 3 0 0 0 0 0 19
 49 0 0 1 0 0 0 1 0 0 0 0 0 0 0 0 2 39 10 18 0 0 0 0 4 0 0 0 0 0 0 0
 8 0 0 0 0 0 28 0 0 3 0 0 21 0 0 1 0 0 6 0 0 7 0 0 0 0 0 3 0 0 0 0
 15 0 0 0 0 5 0 0 0 0 0 0 0 0 0 0 4 0 15 0 0 0 0 0 0 0 0 11 17 0 0 0
 21 0 0 18 0 0 0 0 0 36 0 0 0 0 0 24 20 0 0 0 0 7 0 0 26 0 13 0 14 0 44 0
 0 0 19 0 0 18 0 0 0 2 28 0 0 8 0 0 27 0 6 0 0 13 0 0 27 0 0 0 0 0 0 0
 0 0 0 0 0 18 0 0 0 0 9 10 0 0 0 0 0 0 0 3 0 0 1 0 0 0 0 0 0 0 0 0
 0 0 0 41 0 3 0 0 0 0 8 0 0 0 0 3 0 0 0 3 7 0 0 0 37 0 16 0 0 0 0 0
 0 0 12 0 10 6 0 0 0 0 0 15 0 0 0 0 0 0 0 0 0 0 0 0 0 0 3 8 0 9 0 16
 0 0 0 0 0 0 0 0 34 0 0 0 0 17 7 0 0 5 0 0 7 0 0 0 0 3 0 0 3 0 0 8
 0 0 0 24 0 0 0 0 0 6 17 25 0 41 0 0 31 0 0 3 13 13 0 0 0 0 0 0 0 0 0 0
 24 14 0 0 0 6 0 0 55 0 0 0 18 0 0 0 0 7 0 0 0 0 0 14 0 0 0 21 7 10 0 43
 0 0 16 0 16 0 35 9 0 0 0 0 0 18 2 0 0 0 0 0 0 0 0 0 0 0 0 0 0 10 0 0
 13 0 0 0 0 0 0 0 4 0 0 0 0 0 0 4 0 24 3 0 0 0 0 4 0 0 0 0 14 0 0 10
 21 6 0 0 0 0 0 0 3 0 0 0 0 0 0 7 3 20 0 0 25 0 0 0 0 0 0 0 0 0 0 0
 0 38 25 0 16 15 28 14 0 0 3 14 0 0 0 0 0 12 27 0 14 0 0 0 0 17 0 25 0 0 0 0
 0 0 0 0 0 0 6 0 0 0 0 0 17 18 27 0 0 0 0 0 0 17 0 3 0 3 11 0 0 0 0 0
 8 0 0 0 0 0 0 0 6 0 0 0 16 5 0 0 0 3 0 0 0 0 0 0 0 0 0 0 11 0 17 0
