16
 0 0 0 25 0 25 36 24 3 12 0 23 46 7 0 0
 0 0 7 0 11 0 0 0 0 0 4 2 0 0 0 6
 34 38 0 0 19 0 8 0 0 8 3 11 0 11 42 28
 0 0 0 0 0 0 4 24 0 0 0 0 0 0 5 0
 0 0 0 0 0 0 0 0 0 0 1 10 0 0 0 3
 0 0 0 7 0 0 2 0 0 8 0 31 15 0 0 0
 0 0 0 8 21 4 0 14 17 0 0 0 14 10 0 17
 2 0 0 0 0 7 0 0 0 0 0 0 21 9 8 0
 0 10 0 24 0 19 7 3 0 0 32 0 0 0 0 0
 0 13 0 0 6 0 0 0 0 0 3 0 0 0 7 0
 0 0 0 0 7 0 0 0 0 0 0 0 3 0 14 11
 0 0 0 0 6 0 0 0 0 22 25 0 0 0 0 0
 0 1 0 6 0 0 0 3 17 0 0 0 0 0 0 0
 30 0 0 26 1 3 0 0 32 0 0 0 33 0 0 0
 0 7 0 0 4 0 0 0 0 7 0 28 0 0 0 0
 0 0 0 3 11 0 0 14 0 33 6 17 0 0 1 0
