16
 0 1 0 0 0 0 0 0 0 0 6 0 0 14 0 0
 0 0 46 0 0 0 0 0 0 17 0 4 7 0 6 0
 18 0 0 0 0 0 0 0 0 0 0 0 0 0 11 0
 0 0 0 0 7 11 0 0 12 0 5 0 0 0 0 16
 0 0 0 0 0 8 0 23 0 0 37 27 0 0 0 41
 0 0 0 0 0 0 0 0 0 0 5 3 0 0 0 0
 0 0 8 15 10 4 0 0 18 0 18 0 0 5 0 5
 34 27 3 10 0 0 0 0 0 18 0 0 0 16 0 0
 0 16 0 0 4 25 0 0 0 6 18 18 0 0 0 10
 22 8 35 11 2 0 0 0 0 0 0 0 0 6 24 0
 0 0 0 0 0 0 0 0 0 0 0 0 0 0 1 27
 0 0 0 8 8 0 7 0 0 0 23 0 0 0 0 15
 13 0 38 0 0 0 46 16 17 2 0 0 0 5 14 9
 17 7 6 0 0 0 0 1 7 0 0 16 3 0 6 0
 3 13 6 0 0 21 0 15 0 0 0 0 0 0 0 0
 0 0 8 0 0 3 0 0 0 0 0 0 0 0 0 0
