16
 0 0 0 0 0 7 0 14 0 0 0 0 13 6 0 0
 22 0 14 0 0 0 0 0 0 0 0 0 0 0 22 10
 0 7 0 0 0 0 0 15 0 13 0 0 0 0 16 0
 1 0 0 0 0 32 26 15 13 25 18 0 31 34 3 0
 17 10 21 0 0 0 0 0 0 0 3 0 0 0 28 17
 0 16 0 0 8 0 0 0 0 0 0 0 0 0 0 0
 17 0 0 19 0 15 0 0 8 0 0 0 11 0 0 0
 2 0 0 0 0 7 3 0 20 0 0 0 3 0 0 6
 5 0 3 0 0 19 0 0 0 0 0 0 0 18 0 3
 0 38 0 0 25 0 7 0 0 0 23 6 24 0 20 0
 0 13 14 0 14 0 0 0 0 0 0 6 0 0 14 22
 0 7 3 0 30 0 22 0 0 0 17 0 14 0 0 26
 0 0 0 0 0 6 0 7 6 0 0 0 0 16 0 0
 11 0 0 0 1 3 10 4 0 0 12 0 0 0 16 0
 0 0 0 0 0 0 0 0 0 0 0 2 0 0 0 3
 0 0 4 0 3 0 0 0 0 6 0 0 0 0 0 0
