16
 0 0 0 0 0 0 0 24 0 24 3 0 0 8 5 0
 3 0 20 0 0 0 0 47 0 3 4 0 2 0 10 0
 25 0 0 0 0 0 0 13 0 11 0 0 10 0 24 0
 0 0 0 0 0 0 11 0 10 0 7 0 10 0 0 0
 0 0 0 14 0 10 0 0 0 0 0 0 0 4 0 6
 14 7 0 10 0 0 0 0 0 0 15 0 0 0 0 0
 0 0 10 17 21 31 0 28 6 0 0 0 0 0 0 14
 7 0 0 0 0 0 0 0 0 0 0 13 20 24 7 0
 0 0 0 5 18 4 14 0 0 7 0 0 0 0 0 0
 0 13 3 0 14 0 0 3 0 0 0 0 3 0 4 0
 0 0 0 0 20 0 7 0 21 0 0 0 0 0 0 6
 0 17 22 10 33 17 30 0 24 0 35 0 0 0 0 25
 6 0 0 0 0 0 0 0 0 0 0 0 0 0 0 0
 3 2 6 0 0 0 0 0 4 14 0 0 49 0 4 0
 0 27 0 12 0 0 0 0 0 3 0 0 32 0 0 0
 0 0 0 3 0 7 0 0 3 0 24 0 10 0 6 0
