16
 0 0 0 0 0 0 0 10 0 0 0 6 24 0 0 0
 0 0 0 0 0 20 0 0 20 22 0 4 0 0 0 0
 4 51 0 8 0 1 3 0 25 17 23 0 0 0 20 0
 0 13 10 0 0 38 19 0 25 3 0 0 8 0 3 0
 21 0 4 0 0 13 0 0 0 0 3 24 3 0 0 0
 8 0 0 0 0 0 14 0 0 1 0 0 0 0 0 0
 0 8 0 0 0 3 0 0 0 49 0 0 0 6 0 0
 5 0 0 0 10 0 0 0 0 11 0 0 0 0 0 0
 0 0 0 24 0 18 6 14 0 17 3 0 0 0 0 0
 0 0 3 0 0 0 0 0 0 0 0 0 0 0 0 0
 23 0 0 0 7 0 0 20 0 17 0 13 18 0 0 36
 0 0 0 0 0 0 5 1 0 0 0 0 39 0 0 0
 0 0 0 0 0 0 0 7 0 0 0 0 0 0 5 0
 39 3 20 0 3 0 0 21 0 0 3 42 40 0 0 10
 0 6 10 0 0 4 1 0 11 21 0 0 0 0 0 1
 4 0 0 2 29 0 0 15 0 0 15 18 35 3 7 0
