32
 0 0 0 0 0 0 0 0 0 0 0 0 0 0 0 0 0 24 0 1 0 0 24 3 0 0 0 0 8 5 0 0
 3 0 0 0 20 0 0 0 0 13 0 0 0 0 0 0 1 47 25 0 0 0 3 4 0 0 0 2 0 10 0 0
 0 0 0 14 0 0 14 14 20 0 0 0 0 0 0 0 0 0 0 7 0 0 0 23 3 0 17 0 0 0 0 7
 24 0 0 0 0 0 16 30 0 0 0 0 0 0 0 0 0 20 0 17 0 0 0 0 5 0 0 34 29 0 0 0
 25 0 0 0 0 0 0 0 0 0 0 0 0 0 0 11 0 13 0 0 0 0 11 0 0 0 0 10 0 24 0 0
 0 0 0 0 0 0 0 0 0 0 0 11 0 0 0 0 0 0 0 0 10 0 0 7 0 0 0 10 0 0 2 0
 0 0 1 0 0 0 0 10 23 13 0 0 0 0 0 0 0 0 0 3 0 0 0 1 0 28 0 0 0 0 0 7
 0 0 17 0 0 0 17 0 0 0 0 0 8 0 0 0 0 0 0 0 0 0 0 0 0 0 0 0 0 0 0 4
 0 0 0 0 0 14 0 7 0 0 10 0 0 0 0 0 0 0 0 0 0 0 0 0 0 0 0 0 4 0 0 6
 0 0 0 0 3 0 0 0 0 0 0 0 18 19 0 10 10 0 28 3 0 0 21 0 0 0 0 0 0 3 21 0
 14 7 0 0 0 10 0 0 0 0 0 0 12 0 0 0 0 0 0 0 0 0 0 15 0 0 0 0 0 0 0 0
 0 0 0 0 10 17 0 0 21 0 31 0 3 0 0 0 0 28 0 0 6 0 0 0 0 0 0 0 0 0 0 14
 0 0 0 0 0 19 0 0 0 0 0 0 0 0 35 3 0 0 13 0 0 0 0 0 0 0 0 0 0 0 20 0
 0 0 10 0 0 31 0 0 0 25 32 14 44 0 7 0 3 0 21 0 3 0 0 0 0 0 0 0 0 0 41 0
 0 0 0 3 0 19 0 0 0 1 6 3 0 3 0 6 0 0 7 0 0 0 0 0 0 0 0 0 0 0 3 0
 0 46 3 0 0 0 0 0 0 28 0 0 0 10 0 0 0 0 8 0 0 0 0 0 0 0 0 0 0 0 11 0
 0 0 0 0 11 0 0 21 0 3 0 0 7 0 13 10 0 0 34 0 0 0 26 0 0 0 0 0 0 7 21 0
 7 0 0 0 0 0 0 0 0 0 0 0 0 0 0 0 0 0 0 0 0 0 0 0 3 13 0 20 24 7 0 0
 0 0 0 3 3 0 0 0 0 1 0 0 0 0 0 0 0 0 0 0 0 0 0 0 0 0 0 0 0 10 5 0
 0 0 0 0 0 0 0 3 0 0 0 0 0 0 0 0 0 17 0 0 0 1 0 0 0 0 0 7 0 0 0 0
 0 0 0 0 0 5 0 0 18 0 4 14 6 0 11 0 0 0 0 0 0 0 7 0 0 0 0 0 0 0 17 0
 11 0 21 37 0 0 7 27 0 0 0 0 0 20 0 8 0 18 0 14 0 0 0 0 22 3 14 14 10 0 0 0
 0 13 0 0 3 0 0 0 14 0 0 0 0 0 0 7 0 3 5 0 0 0 0 0 0 0 0 3 0 4 0 0
 0 0 0 0 0 0 0 17 20 0 0 7 0 0 0 0 0 0 0 0 21 0 0 0 0 0 0 0 0 0 0 6
 10 0 0 2 0 0 7 3 0 0 0 0 22 0 0 0 9 0 0 35 0 0 0 0 0 0 0 8 23 0 0 0
 0 17 5 0 22 10 0 3 33 0 17 30 0 0 0 0 0 0 0 0 24 0 0 35 0 0 0 0 0 0 0 25
 0 0 13 5 0 0 16 25 4 0 0 0 0 0 1 0 0 0 3 10 0 14 0 3 14 24 0 0 0 0 0 9
 6 0 0 0 0 0 0 0 0 0 0 0 0 0 0 0 0 0 0 0 0 0 0 0 0 0 0 0 0 0 0 0
 3 2 0 0 6 0 0 0 0 0 0 0 0 0 0 0 0 0 0 7 4 0 14 0 0 0 0 49 0 4 0 0
 0 27 0 0 0 12 0 0 0 0 0 0 0 0 0 3 0 0 0 0 0 0 3 0 0 0 0 32 0 0 0 0
 0 0 0 0 0 0 7 0 0 0 5 21 0 0 3 0 0 0 0 10 0 0 0 0 0 0 0 0 0 0 0 0
 0 0 0 0 0 3 0 0 0 0 7 0 0 0 0 0 0 0 0 0 3 0 0 24 0 0 0 10 0 6 0 0
