32
 0 0 0 0 0 0 0 0 0 0 7 0 0 0 0 0 0 14 0 0 0 0 0 0 0 0 0 13 6 0 0 0
 22 0 0 0 14 0 2 0 0 0 0 0 0 0 0 0 0 0 0 0 0 0 0 0 0 0 3 0 0 22 0 10
 0 14 0 12 0 0 6 11 0 0 0 0 0 0 0 10 3 0 22 0 0 0 13 0 0 0 51 0 0 27 1 0
 0 0 0 0 0 0 0 0 0 0 0 14 3 0 3 0 0 0 0 31 5 0 0 0 18 0 0 0 0 0 0 0
 0 7 2 0 0 0 0 8 0 0 0 0 0 0 0 0 0 15 0 0 0 0 13 0 0 0 0 0 0 16 0 0
 1 0 0 33 0 0 0 0 0 0 32 26 0 0 0 0 0 15 0 0 13 0 25 18 10 0 0 31 34 3 0 0
 0 0 6 0 3 0 0 47 0 0 0 0 0 0 0 13 0 0 17 0 0 0 15 0 0 0 8 0 0 0 0 0
 0 4 0 0 0 0 0 0 0 0 0 0 0 0 0 3 0 0 3 0 0 0 0 0 7 0 0 0 0 0 0 0
 17 10 0 0 21 0 0 0 0 0 0 0 28 7 0 0 0 0 0 0 0 0 0 3 0 0 0 0 0 28 31 17
 17 0 10 0 0 0 1 10 0 0 0 0 0 0 0 3 0 0 14 0 0 10 0 0 0 0 11 0 0 0 0 0
 0 16 0 3 0 0 0 0 8 0 0 0 0 0 0 0 0 0 0 0 0 0 0 0 0 0 0 0 0 0 0 0
 17 0 0 0 0 19 0 0 0 0 15 0 0 0 0 0 0 0 0 10 8 0 0 0 0 0 0 11 0 0 0 0
 0 0 0 0 0 0 0 8 0 0 0 0 0 3 23 0 0 0 9 2 0 0 0 0 0 0 0 0 0 0 0 0
 0 0 9 1 0 12 18 0 0 3 0 0 19 0 7 15 0 0 0 5 0 11 0 5 3 24 0 0 0 0 1 14
 0 0 0 0 0 0 0 0 7 0 0 0 0 27 0 0 0 0 0 14 0 0 0 16 41 7 9 0 0 0 30 0
 3 0 0 0 0 0 0 0 0 9 0 0 0 0 5 0 3 14 15 0 0 0 0 0 0 0 0 41 7 0 0 0
 7 0 0 3 0 0 8 7 0 36 0 0 0 0 0 11 0 14 34 0 0 0 0 0 0 0 10 29 3 0 33 0
 2 0 0 0 0 0 0 0 0 8 7 3 0 0 0 0 0 0 20 0 20 0 0 0 0 0 0 3 0 0 0 6
 13 0 0 0 0 0 0 0 0 0 0 0 0 0 0 0 0 0 0 0 0 0 0 0 0 0 7 0 0 0 0 0
 0 0 0 0 0 18 0 0 0 0 17 0 0 0 0 3 0 0 0 0 4 21 0 0 0 0 0 0 0 0 3 0
 5 0 0 0 3 0 0 0 0 0 19 0 0 0 0 0 0 0 0 0 0 0 0 0 0 0 0 0 18 0 0 3
 0 0 0 24 0 4 25 0 0 0 7 35 33 0 3 0 3 0 0 10 24 0 0 0 28 0 0 0 0 0 17 0
 0 38 0 0 0 0 0 5 25 0 0 7 0 0 0 0 0 0 0 0 0 0 0 23 0 6 0 24 0 20 0 0
 0 13 0 0 14 0 0 0 14 0 0 0 4 0 0 0 0 0 0 0 0 0 0 0 0 6 0 0 0 14 0 22
 0 0 0 8 0 0 0 0 0 0 7 28 15 0 0 0 0 0 20 6 13 3 0 0 0 0 0 0 0 0 7 0
 0 7 0 0 3 0 0 0 30 0 0 22 14 0 0 0 0 0 0 0 0 0 0 17 0 0 0 14 0 0 0 26
 0 0 0 0 34 0 6 24 0 0 0 0 0 0 0 38 0 0 0 11 0 0 7 0 0 0 0 0 0 17 0 0
 0 0 0 0 0 0 0 0 0 3 6 0 0 0 0 0 0 7 14 0 6 0 0 0 0 0 0 0 16 0 0 0
 11 0 0 0 0 0 0 0 1 3 3 10 0 0 0 0 0 4 16 0 0 0 0 12 0 0 0 0 0 16 0 0
 0 0 0 0 0 0 1 15 0 0 0 0 0 0 0 0 0 0 0 0 0 0 0 0 0 2 0 0 0 0 0 3
 0 0 0 1 0 0 0 0 0 0 0 0 12 3 7 0 0 0 0 0 0 0 0 3 0 18 0 0 0 0 0 3
 0 0 0 0 4 0 0 0 3 0 0 0 16 0 6 0 0 0 0 0 0 0 6 0 0 0 0 0 0 0 0 0
