31
 0 0 0 0 23 0 0 0 7 0 7 0 0 0 8 3 0 3 0 0 0 0 0 0 1 0 0 0 0 0 0
 20 0 0 3 11 0 0 0 7 0 0 3 0 0 0 0 0 0 0 0 0 7 0 0 0 0 0 0 0 0 0
 0 0 0 0 0 11 16 0 0 7 0 0 12 4 0 0 0 0 17 16 0 0 0 0 0 3 0 0 0 25 0
 0 0 0 0 1 0 0 0 0 0 0 0 0 3 0 0 0 0 0 0 0 0 0 5 0 0 0 0 0 0 0
 0 0 0 0 0 0 0 0 0 0 0 0 0 0 0 0 0 0 0 11 0 0 0 0 0 0 0 0 0 0 0
 7 28 0 0 0 0 24 6 0 0 27 0 0 20 0 0 0 0 0 14 0 0 0 0 0 0 6 0 27 0 5
 0 0 11 0 0 0 0 10 0 0 4 0 0 0 0 0 0 0 0 0 6 0 0 0 0 3 0 0 0 2 0
 0 0 20 0 0 0 18 0 0 0 10 0 0 9 0 4 0 0 0 0 0 0 0 0 0 0 0 0 0 3 0
 14 0 0 0 0 0 0 0 0 0 0 0 0 0 0 0 0 0 0 0 0 0 7 0 0 0 6 0 0 0 8
 21 0 0 0 0 0 0 0 2 0 0 0 0 0 14 10 0 6 0 0 11 0 11 0 0 0 0 13 0 0 0
 0 0 0 0 0 0 0 0 5 0 0 0 0 0 0 0 0 0 0 3 0 0 0 0 0 0 0 0 0 0 0
 0 0 8 0 21 18 0 23 0 0 24 0 0 7 0 0 0 0 0 11 0 0 9 0 0 0 10 0 1 0 37
 0 14 0 32 0 0 0 0 0 19 0 0 0 0 7 0 0 0 0 0 0 0 0 21 0 0 0 0 0 0 0
 0 0 0 0 0 0 21 5 0 0 0 0 0 0 0 0 0 0 0 30 0 0 0 0 0 18 0 0 0 7 0
 0 0 0 0 0 0 0 0 0 3 0 0 0 4 0 8 0 0 0 0 0 0 0 0 0 0 0 12 0 0 32
 0 0 0 3 0 0 14 0 11 17 0 0 0 0 0 0 0 0 0 0 0 0 0 0 0 0 0 0 0 0 27
 0 47 0 0 40 0 0 0 0 0 35 28 25 0 0 0 0 0 32 0 7 13 1 20 8 0 17 0 0 0 0
 0 0 0 0 0 0 0 0 7 10 0 0 5 0 5 17 0 0 0 0 0 0 18 14 10 0 0 24 0 0 0
 0 7 0 34 17 0 0 0 0 11 0 0 38 0 0 0 0 3 0 0 20 0 0 0 0 0 0 4 0 8 0
 0 0 0 0 0 0 0 0 0 0 5 22 0 0 0 0 0 0 0 0 0 0 12 0 0 0 0 0 4 18 0
 0 14 0 13 32 0 0 11 0 0 0 0 52 0 0 3 3 3 7 0 0 17 0 1 0 7 0 0 0 0 0
 0 18 0 18 6 0 0 0 0 0 0 0 14 0 0 0 3 0 0 13 0 0 0 0 0 0 0 0 0 0 0
 11 0 0 0 0 0 0 0 3 0 0 0 0 0 10 0 0 0 0 0 0 8 0 0 0 0 0 3 0 0 14
 0 0 0 6 1 0 1 0 0 0 0 0 1 0 20 0 0 2 28 0 7 7 0 0 0 0 0 0 0 0 0
 14 0 0 0 0 14 0 0 55 0 0 0 0 0 13 10 0 0 0 31 0 0 4 0 0 0 0 24 26 0 14
 0 0 22 17 0 0 9 24 0 0 33 0 0 13 3 0 0 0 0 5 0 0 0 11 0 0 0 0 7 37 0
 0 9 0 35 13 0 0 0 0 0 8 0 19 0 0 0 0 0 21 0 0 39 0 2 10 0 0 0 0 0 0
 0 0 0 3 0 0 0 3 26 13 0 0 0 9 3 6 0 7 0 0 0 0 0 0 0 0 0 0 0 0 0
 0 0 12 0 0 0 3 0 4 0 6 4 0 0 0 0 7 0 0 27 0 27 0 0 0 0 0 0 0 0 0
 0 0 0 0 0 0 13 16 0 0 3 6 0 4 0 0 0 3 0 0 0 0 0 0 0 0 0 0 3 0 0
 13 0 0 0 3 0 0 0 0 7 0 0 0 0 0 0 0 0 0 0 0 30 14 0 10 0 0 13 0 0 0
