16
 0 0 3 0 3 3 0 0 0 0 14 0 0 11 0 0
 0 0 71 0 0 21 20 0 6 9 7 0 0 0 0 0
 0 0 0 10 0 24 0 0 7 4 0 0 0 0 0 0
 0 1 0 0 0 3 0 0 4 0 0 0 0 0 0 0
 0 0 1 0 0 0 0 3 0 0 0 0 0 0 0 7
 0 0 0 3 2 0 0 0 0 5 0 0 0 0 0 0
 0 3 3 23 0 32 0 0 4 0 0 0 6 0 0 21
 15 0 0 5 0 0 0 0 0 0 0 0 11 17 0 0
 0 0 0 18 0 9 10 0 0 1 0 0 0 0 0 0
 0 0 10 6 0 0 15 0 0 0 0 0 8 0 9 16
 0 0 0 0 34 0 0 5 7 0 0 3 0 3 0 8
 24 14 0 6 55 0 0 7 0 0 14 0 21 7 10 43
 13 0 0 0 4 0 0 24 0 0 4 0 0 14 0 10
 21 6 0 0 3 0 0 20 25 0 0 0 0 0 0 0
 0 38 16 15 0 3 14 12 14 0 0 17 25 0 0 0
 8 0 0 0 6 0 0 3 0 0 0 0 0 11 0 0
