32
 0 0 0 0 0 20 0 0 0 0 7 6 7 0 14 0 0 29 0 0 13 0 0 7 0 0 0 0 35 0 0 0
 0 0 0 28 8 7 0 0 0 0 0 0 0 0 0 0 0 0 0 12 0 0 0 0 3 0 0 35 0 13 0 14
 0 0 0 0 0 24 0 47 0 23 45 0 0 0 0 14 5 0 8 0 0 19 0 0 0 0 3 0 0 0 0 0
 0 0 0 0 11 0 0 0 0 0 0 0 0 23 0 6 0 0 0 17 0 0 0 0 3 0 0 0 0 13 0 0
 13 9 0 0 0 0 0 0 0 0 0 0 0 0 0 0 0 0 0 0 19 0 13 32 0 0 0 0 0 17 0 3
 0 0 0 0 0 0 0 24 0 0 38 0 0 0 0 0 0 8 0 0 6 0 0 0 0 0 3 0 6 0 0 0
 0 0 13 0 0 35 0 12 0 0 10 7 0 0 0 7 0 0 0 0 0 0 0 0 0 0 9 0 0 0 0 0
 0 0 0 3 0 0 0 0 0 0 0 0 0 0 6 7 0 0 14 0 0 0 0 0 0 0 7 0 0 0 0 0
 0 16 0 0 14 0 0 0 0 0 0 0 0 0 0 6 0 0 17 0 0 0 7 0 0 48 0 0 21 13 0 18
 0 0 0 0 0 0 5 21 7 0 0 0 0 0 0 31 11 0 20 0 0 3 0 20 0 0 0 0 0 0 0 0
 0 0 0 0 0 0 0 1 0 0 0 0 0 0 0 0 0 0 0 0 0 0 0 0 0 0 0 0 0 0 0 5
 26 0 13 0 0 13 0 28 10 0 48 0 0 0 0 0 0 19 0 0 0 0 0 0 0 0 0 6 38 0 0 0
 0 0 0 21 0 0 11 0 0 0 0 0 0 0 0 0 0 3 23 7 0 7 0 0 0 0 0 3 27 0 3 0
 21 0 19 0 0 0 0 0 0 12 0 0 11 0 6 0 0 36 0 4 0 1 0 0 13 0 0 4 17 0 32 0
 0 0 0 3 0 0 0 0 0 0 0 0 12 0 0 3 0 3 0 0 0 0 0 0 2 0 0 0 0 0 20 0
 0 0 0 0 0 0 0 0 0 20 0 0 0 0 0 0 0 0 6 0 0 0 0 0 0 0 3 0 0 0 0 8
 0 0 0 0 0 0 3 7 3 29 0 0 0 0 0 59 0 0 12 10 0 0 0 1 0 8 0 0 0 0 25 3
 0 0 0 0 0 0 0 0 0 0 7 0 0 0 0 0 0 0 0 0 0 0 0 0 0 0 0 0 0 0 0 0
 0 0 0 0 0 0 3 0 0 1 0 0 0 0 0 3 0 0 0 0 0 0 0 0 0 4 3 0 0 0 0 0
 0 0 0 28 7 0 0 0 0 0 0 0 0 0 4 0 0 0 0 0 0 1 0 0 9 0 0 0 0 2 0 0
 0 0 2 0 0 26 20 14 31 0 31 19 0 0 0 0 0 28 0 0 0 0 0 37 0 0 0 3 26 0 0 0
 0 16 6 8 10 0 0 0 0 0 0 0 0 0 28 0 0 0 0 10 0 0 0 0 17 0 0 0 0 28 59 0
 31 11 0 20 10 0 0 0 0 0 18 0 0 14 0 0 0 5 0 12 3 21 0 21 14 26 0 0 0 31 0 3
 0 3 0 0 0 0 0 0 9 0 0 0 0 0 0 11 0 0 37 0 0 0 0 0 0 0 0 0 0 24 0 39
 0 0 0 6 11 0 47 0 0 0 0 0 17 14 0 0 3 0 38 0 0 7 0 0 0 0 0 0 0 23 7 0
 0 27 0 0 28 4 0 0 0 3 0 0 0 0 0 20 0 0 0 0 0 0 0 30 0 0 0 14 0 19 0 13
 0 0 3 0 0 0 0 13 0 18 8 1 0 0 0 0 10 0 0 6 10 0 0 0 0 0 0 0 0 0 3 0
 19 0 0 0 0 4 0 0 0 0 14 0 0 0 17 0 0 57 0 0 0 0 0 0 0 0 0 0 13 0 0 0
 0 0 0 0 0 0 0 0 0 0 12 0 0 0 41 0 0 38 0 0 0 0 0 0 0 0 0 3 0 0 0 0
 0 0 0 0 0 0 0 0 0 0 0 10 0 0 0 0 0 0 0 0 0 0 3 0 0 0 0 0 17 0 0 0
 3 0 0 24 0 0 0 0 0 0 0 0 3 0 17 0 0 40 0 3 0 0 0 0 0 0 0 7 4 0 0 0
 0 0 0 0 0 0 0 0 0 10 0 0 0 0 0 0 0 2 21 0 0 0 0 0 0 0 0 0 0 3 0 0
