32
 0 0 0 0 0 0 0 0 1 30 0 0 0 0 0 0 0 4 1 0 0 0 10 0 0 0 0 0 0 0 0 0
 34 0 5 0 42 0 7 10 0 0 0 3 0 0 0 0 0 17 0 0 0 0 3 0 0 0 0 2 16 10 0 0
 0 0 0 3 24 0 6 17 0 14 0 0 6 0 0 23 0 0 0 16 0 0 6 0 1 0 3 0 0 7 0 0
 0 0 0 0 0 0 18 7 0 0 2 0 0 0 0 0 0 0 0 3 0 0 0 0 0 0 0 0 0 0 0 0
 7 0 0 0 0 0 0 0 0 0 0 0 0 0 0 0 0 0 0 0 0 0 0 0 0 0 0 3 0 0 0 0
 0 0 0 3 17 0 0 0 7 0 9 3 0 0 0 0 0 0 0 16 40 0 0 0 4 5 0 0 11 0 0 0
 0 0 5 0 13 0 0 2 0 0 0 0 0 0 0 0 14 0 0 0 0 0 0 0 0 0 0 0 0 0 0 0
 0 0 0 0 1 0 3 0 0 0 0 0 0 0 0 0 0 0 0 3 0 20 13 0 0 0 0 0 0 0 0 0
 0 0 0 0 0 0 0 0 0 0 16 0 14 3 0 0 0 0 0 0 0 0 0 13 0 1 0 0 0 0 0 3
 0 0 0 0 0 0 0 0 0 0 0 0 1 0 0 20 0 0 0 0 0 0 0 0 0 0 0 0 17 0 6 0
 0 0 0 0 0 0 0 0 0 0 0 4 0 0 0 0 0 38 0 7 7 0 0 0 0 0 0 0 0 3 0 12
 0 27 0 27 0 14 0 0 38 0 2 0 0 0 0 0 0 0 0 0 32 0 0 28 9 12 6 18 0 0 0 0
 0 0 0 0 0 0 0 0 0 0 0 0 0 10 17 4 0 0 7 0 0 0 0 0 0 0 0 0 0 0 20 3
 0 0 0 0 0 0 6 0 0 14 0 0 13 0 10 10 0 0 5 0 0 0 0 24 0 0 0 0 0 0 5 3
 0 0 0 10 0 0 0 4 18 7 0 0 7 3 0 0 0 0 7 0 0 0 0 0 0 0 0 0 0 0 11 0
 18 0 0 3 0 0 0 2 0 4 0 0 0 0 22 0 7 14 0 0 0 0 0 0 0 0 0 21 18 0 20 0
 31 0 0 0 0 0 0 0 0 26 0 0 6 22 25 31 0 0 0 0 0 0 0 0 0 0 0 27 0 0 8 0
 13 0 0 0 10 0 0 0 0 3 0 0 0 0 0 0 3 0 0 0 0 0 0 0 0 0 0 8 17 0 0 14
 0 0 0 0 0 0 0 0 0 61 0 0 0 0 0 24 23 2 0 0 0 0 0 0 0 0 0 0 30 0 0 0
 0 0 0 5 0 0 8 0 0 0 0 3 0 0 0 0 0 0 16 0 4 0 0 0 4 0 0 0 0 0 12 0
 3 0 0 24 0 0 0 0 3 0 14 0 0 0 0 0 0 0 0 0 0 0 0 0 0 10 0 0 0 0 0 4
 0 0 3 39 0 29 14 0 0 0 21 4 0 3 0 0 3 0 0 58 10 0 0 0 42 0 13 0 0 0 0 0
 0 3 0 0 33 0 4 0 3 0 0 0 0 0 0 0 0 18 0 0 5 0 0 0 0 0 10 3 15 25 0 0
 0 0 0 0 13 14 0 0 6 0 8 0 24 0 4 0 0 0 0 0 18 0 0 0 0 0 0 0 34 0 0 27
 0 0 0 55 0 0 16 6 0 4 3 0 3 1 0 0 0 0 0 8 9 21 0 0 0 0 5 0 0 0 0 0
 0 14 0 0 0 0 0 0 3 0 3 0 10 2 25 0 0 0 0 0 0 0 0 17 0 0 0 3 0 0 0 31
 0 6 10 3 24 0 22 50 0 0 0 0 0 0 0 0 0 0 32 1 0 0 0 0 5 0 0 0 0 25 8 0
 52 0 0 0 0 0 0 0 0 8 0 0 0 0 0 0 0 3 8 0 0 0 0 0 0 0 0 0 19 0 0 0
 30 0 0 0 17 3 0 0 0 0 0 0 0 0 0 0 7 10 0 0 0 0 5 0 0 0 0 25 0 0 0 0
 3 0 0 0 28 0 3 3 0 0 0 0 0 0 0 0 0 1 0 0 0 0 10 0 0 0 0 21 23 0 0 1
 0 0 0 0 0 0 0 0 7 0 0 0 14 0 27 0 0 0 25 0 0 0 0 19 0 18 0 0 0 0 0 0
 0 0 0 0 0 3 0 0 6 0 0 3 0 0 3 0 0 0 0 0 0 0 0 0 0 5 0 0 0 0 3 0
