32
 0 6 0 24 20 0 0 0 6 0 0 0 0 0 0 0 0 45 0 21 0 0 0 0 0 7 0 15 19 0 0 0
 0 0 0 0 17 2 0 0 0 0 13 3 0 0 0 24 6 4 24 0 7 0 14 0 0 0 0 0 0 3 0 0
 0 0 0 0 0 0 38 28 9 0 0 0 28 0 20 0 0 0 19 32 0 0 0 0 0 29 0 0 0 0 3 14
 0 0 0 0 0 0 0 0 0 7 0 0 0 0 4 23 9 17 1 0 0 0 0 0 0 0 0 0 24 0 0 0
 4 15 0 0 0 3 0 0 0 20 9 4 0 0 0 34 2 0 11 0 0 0 25 0 0 0 0 0 0 15 0 0
 0 0 0 0 0 0 0 0 0 0 31 3 0 16 13 0 0 24 0 0 7 0 3 0 0 4 0 0 0 0 0 0
 0 0 0 0 0 0 0 14 0 0 0 0 0 0 2 10 0 0 0 0 0 0 0 0 0 0 0 0 0 0 0 7
 0 0 0 2 0 0 8 0 0 0 0 0 0 0 6 0 0 0 0 0 0 0 0 21 0 0 0 0 0 0 0 0
 0 0 0 0 0 0 9 18 0 0 0 11 0 0 0 0 0 0 0 0 0 0 0 12 0 4 0 13 25 4 0 4
 0 4 0 0 0 0 0 4 0 0 0 0 0 0 0 7 1 0 27 0 0 0 2 0 17 0 0 0 0 3 0 0
 0 0 0 0 0 0 0 0 0 0 0 0 0 0 0 0 0 0 0 0 0 0 0 0 0 0 0 0 0 0 0 0
 0 0 0 0 0 34 0 0 0 0 33 0 0 20 0 0 0 0 0 0 5 0 0 0 0 0 0 0 10 0 0 0
 0 0 0 0 0 7 29 10 0 0 7 3 0 0 13 0 0 0 0 1 0 0 0 0 0 0 0 0 0 0 1 0
 0 0 28 0 0 0 32 4 0 0 10 0 10 0 7 0 3 0 0 0 3 3 0 0 0 0 4 0 0 0 23 0
 0 0 0 0 0 0 0 0 0 7 24 4 3 2 0 0 0 0 0 0 0 0 0 0 0 0 0 0 0 0 0 0
 0 0 0 0 0 0 0 0 0 14 0 0 0 0 0 0 0 0 7 0 0 0 0 0 0 0 0 0 0 0 0 0
 0 0 0 0 0 0 0 0 0 31 0 0 0 6 0 2 0 0 37 0 0 20 0 0 19 0 0 0 0 17 0 0
 0 0 0 0 0 0 0 0 20 0 0 0 0 0 0 0 0 0 0 0 0 0 0 0 0 0 0 0 0 0 0 2
 0 0 0 0 0 0 0 0 0 21 0 0 11 0 0 15 0 0 0 0 0 0 0 0 3 0 0 0 0 7 0 0
 0 0 0 22 0 0 0 0 0 9 0 0 0 0 0 7 7 4 2 0 0 25 0 0 7 0 0 5 2 0 0 0
 21 0 0 0 10 20 0 0 0 0 6 1 7 0 18 0 0 0 0 0 0 0 3 1 0 0 0 0 0 0 0 0
 40 0 0 23 0 0 0 0 0 34 0 0 0 0 0 7 0 7 23 20 0 0 0 0 9 0 0 9 3 0 0 0
 0 4 0 0 0 0 0 0 0 0 35 22 0 0 0 10 5 0 31 0 0 0 0 0 0 0 0 14 0 4 0 0
 8 0 20 0 6 0 3 0 21 0 0 0 0 0 0 0 0 28 0 0 0 0 0 0 0 5 7 12 38 0 0 25
 21 0 0 13 0 0 12 0 0 0 0 0 0 0 0 4 0 44 0 6 0 3 0 0 0 0 0 0 0 0 21 0
 28 13 0 0 0 0 0 20 38 0 0 0 0 0 0 0 0 35 0 0 12 0 0 18 0 0 9 14 19 0 0 0
 4 0 16 0 0 0 45 35 7 0 0 0 21 0 5 0 12 0 0 0 0 23 0 0 0 0 0 0 0 0 0 17
 0 0 0 7 0 0 0 0 0 0 18 0 0 0 0 0 0 20 0 0 0 0 0 0 10 0 0 0 3 0 0 3
 0 0 0 0 0 0 0 0 0 0 0 0 0 0 0 0 0 27 0 0 0 0 0 0 10 0 0 21 0 0 0 0
 0 15 0 0 24 3 0 0 0 0 18 9 0 0 0 3 0 0 0 0 6 0 3 0 0 0 0 0 10 0 0 0
 0 0 3 0 0 7 17 19 0 0 37 3 19 10 17 24 0 0 0 0 13 0 0 0 0 0 17 0 0 0 0 0
 7 0 0 0 0 0 0 3 2 0 8 0 0 0 0 0 0 0 0 0 0 0 5 0 0 13 0 0 3 0 0 0
