32
 0 14 0 0 16 0 0 0 0 0 4 0 3 29 13 0 0 20 0 0 0 0 0 0 0 0 0 0 7 3 3 0
 0 0 0 3 0 0 0 0 0 0 0 0 0 0 0 0 0 7 0 0 0 0 0 0 0 0 0 0 0 8 0 1
 0 0 0 0 0 0 3 8 0 0 2 0 21 0 0 0 0 0 0 3 3 0 0 0 16 0 2 0 0 0 0 0
 0 0 3 0 1 0 0 0 0 0 0 0 0 0 7 0 0 0 0 21 0 0 0 0 23 0 0 0 0 0 0 0
 0 25 0 0 0 0 0 0 0 0 0 0 0 0 0 0 0 15 0 4 25 4 4 38 10 0 0 1 0 39 0 0
 0 0 3 0 0 0 3 7 17 0 0 7 0 0 0 0 0 0 0 0 1 0 0 6 0 0 17 0 0 0 0 0
 0 0 17 3 0 0 0 21 0 0 3 4 0 14 0 0 7 0 0 0 28 7 0 0 40 0 10 0 0 0 0 0
 0 0 6 13 0 0 11 0 0 0 0 0 0 0 0 0 0 0 0 0 4 0 0 0 0 0 0 0 0 0 0 0
 0 0 0 0 0 0 0 0 0 0 0 0 0 0 0 0 0 24 7 0 4 0 0 8 0 14 0 0 0 0 0 16
 0 0 22 0 0 0 0 0 3 0 0 0 24 0 16 17 15 0 36 0 0 10 0 18 0 32 0 0 0 0 23 24
 0 0 0 0 0 10 0 14 1 0 0 30 0 0 0 0 0 0 0 0 10 0 0 0 0 0 0 0 0 0 0 7
 0 1 2 0 0 5 0 18 1 0 13 0 0 0 0 0 0 0 0 0 13 0 0 0 0 0 0 0 0 0 0 18
 0 0 0 0 0 0 0 0 0 0 0 0 0 0 0 0 3 0 0 0 0 0 0 0 0 0 0 0 0 0 6 0
 0 0 0 0 0 0 0 0 0 6 0 0 25 0 54 17 0 0 4 0 0 0 0 0 0 0 0 20 6 0 11 0
 0 0 0 0 0 0 0 4 0 0 0 0 14 0 0 0 0 0 0 0 0 0 0 0 0 0 0 0 0 0 2 0
 0 0 0 10 0 0 0 6 1 0 0 0 1 0 26 0 0 0 42 0 0 0 0 24 0 10 0 0 0 0 9 35
 0 0 0 0 0 0 17 0 9 7 0 0 0 10 18 6 0 0 13 0 0 0 0 23 0 3 0 0 0 0 0 0
 3 0 0 0 0 21 0 0 0 0 0 0 25 30 14 0 0 0 0 0 0 0 11 0 0 0 0 0 0 10 0 0
 0 0 0 0 0 0 0 0 0 0 0 0 5 0 10 0 10 0 0 0 0 0 0 0 0 0 3 0 0 0 0 0
 0 4 0 0 0 0 2 13 0 0 0 0 0 4 0 0 4 0 0 0 0 4 0 0 20 0 6 0 0 0 0 0
 0 0 0 0 0 3 0 0 0 0 1 0 0 0 0 0 0 0 0 0 0 0 0 0 0 18 7 0 0 0 0 7
 0 7 34 16 0 0 0 1 0 3 0 0 3 21 0 0 0 0 0 10 0 0 3 0 3 0 24 0 0 20 0 0
 24 10 0 18 18 8 0 0 32 0 0 0 0 0 0 0 0 0 0 21 0 0 0 0 0 2 0 3 0 27 0 0
 0 0 0 0 0 0 0 0 0 0 3 14 0 0 0 0 0 0 4 0 16 0 0 0 0 8 0 0 0 0 0 21
 0 2 0 7 0 0 0 11 0 0 0 0 0 0 0 0 0 0 10 13 0 3 6 0 0 0 0 0 0 1 0 0
 3 0 0 0 0 43 0 0 2 0 14 14 0 0 0 0 0 0 29 0 0 0 0 15 0 0 0 0 0 11 0 14
 0 0 3 13 0 0 10 29 0 0 10 7 0 0 0 0 0 0 0 0 0 0 0 0 13 0 0 0 0 0 0 0
 15 10 0 0 13 0 0 0 0 0 0 9 31 0 32 0 0 34 0 0 0 0 0 0 0 0 0 0 2 19 14 21
 12 23 0 0 5 0 0 0 0 35 0 0 3 0 28 0 0 23 0 0 21 0 35 23 0 0 0 32 0 3 7 0
 0 13 0 21 0 0 0 0 0 0 3 0 0 0 0 0 0 0 0 3 0 0 0 0 0 0 0 0 0 0 0 0
 0 0 0 0 0 0 0 0 0 0 0 0 6 0 4 0 3 7 4 0 0 0 0 0 25 0 7 0 0 0 0 0
 0 0 0 0 0 4 0 0 0 0 0 0 0 0 0 0 6 0 10 0 0 0 0 0 0 0 0 0 0 0 0 0
