16
 0 0 0 0 0 0 0 0 0 0 23 0 13 2 5 0
 0 0 12 6 20 4 11 13 0 3 0 0 0 3 17 0
 0 3 0 0 0 3 7 0 7 0 0 0 20 0 17 0
 0 0 14 0 0 0 0 0 0 0 0 0 0 0 0 0
 11 0 0 0 0 0 0 0 0 0 36 6 30 0 0 38
 12 0 0 13 0 0 37 0 7 0 14 0 0 0 3 0
 0 0 0 28 4 0 0 0 0 0 0 0 0 8 6 0
 49 0 0 0 5 0 0 0 0 6 34 0 2 35 0 0
 0 5 0 16 0 7 29 17 0 15 0 0 0 0 17 8
 0 10 36 8 0 14 9 0 0 0 0 0 0 0 20 3
 0 0 0 0 0 0 0 0 0 0 0 0 0 0 0 8
 27 5 5 28 28 0 0 8 31 0 8 0 23 0 0 23
 0 0 0 1 0 0 0 21 0 0 10 0 0 0 0 0
 6 0 0 0 9 0 0 6 0 0 17 14 14 0 0 0
 0 0 0 22 0 0 0 0 0 7 2 0 0 0 0 0
 5 0 0 0 0 0 0 7 0 0 10 0 2 3 0 0
