16
 0 0 0 0 0 0 7 0 1 0 0 0 3 0 0 0
 0 0 6 0 14 0 0 0 0 0 20 0 0 0 2 0
 3 20 0 0 19 6 0 6 0 9 13 11 0 0 6 3
 25 0 0 0 0 8 0 0 3 0 0 0 0 0 0 3
 17 0 4 0 0 31 0 0 0 0 19 2 0 0 0 34
 18 0 0 2 0 0 8 10 0 0 0 0 0 0 0 0
 0 0 0 28 0 25 0 0 3 0 0 0 10 28 7 0
 27 36 0 2 0 0 10 0 31 0 0 0 3 5 0 0
 0 13 0 11 0 20 5 0 0 0 0 0 28 27 0 0
 0 31 0 7 6 0 0 0 0 0 38 0 0 0 3 4
 0 0 0 0 0 0 0 10 12 0 0 0 0 0 0 3
 0 7 9 0 26 0 6 0 0 13 22 0 0 0 0 26
 36 0 0 42 0 7 0 20 0 0 0 3 0 0 17 0
 56 0 0 7 0 21 0 1 0 17 0 0 8 0 0 0
 0 21 0 0 16 0 0 0 0 7 6 17 0 0 0 22
 0 2 0 0 0 0 0 0 0 0 13 0 0 7 0 0
