32
 0 0 0 0 0 0 0 0 0 0 0 0 0 0 0 0 0 10 0 0 0 0 0 0 0 6 0 24 0 0 10 0
 0 0 0 8 0 0 0 0 0 0 20 0 0 0 0 0 0 0 0 7 20 0 22 0 13 4 0 0 0 0 0 0
 0 0 0 0 0 0 0 13 0 0 0 45 1 0 0 0 0 0 0 0 7 0 0 0 10 0 3 0 0 0 0 0
 0 0 0 0 0 0 10 0 0 0 0 0 15 0 0 11 0 0 0 6 0 0 0 0 10 0 0 0 0 0 0 0
 4 51 0 4 0 8 0 0 0 0 1 3 0 0 0 0 0 0 0 0 25 10 17 23 27 0 0 0 0 20 0 0
 0 13 4 0 10 0 0 0 0 0 38 19 0 0 0 0 0 0 0 0 25 0 3 0 0 0 0 8 0 3 0 0
 0 0 25 0 0 17 0 17 0 0 24 7 6 0 0 0 0 0 0 0 29 0 0 0 0 0 7 0 0 0 8 0
 0 0 4 0 0 10 0 0 0 0 0 2 0 0 0 0 0 0 2 22 0 0 0 0 0 0 0 0 0 0 6 0
 21 0 0 0 4 0 0 0 0 0 13 0 0 0 0 3 4 0 0 0 0 0 0 3 0 24 0 3 0 0 0 0
 0 0 2 11 0 0 0 0 3 0 0 0 0 0 13 20 19 0 33 0 0 22 0 0 27 28 0 0 0 0 0 2
 8 0 18 0 0 0 0 3 0 0 0 14 0 0 0 0 0 0 0 0 0 0 1 0 0 0 0 0 0 0 0 0
 0 8 0 0 0 0 0 0 0 0 3 0 0 0 0 0 0 0 0 0 0 0 49 0 0 0 0 0 6 0 0 0
 11 0 0 0 0 0 0 3 0 0 0 0 0 0 0 0 0 0 0 0 0 0 0 0 0 0 0 0 0 0 0 0
 4 0 17 0 0 0 8 7 0 0 0 0 32 0 15 0 0 17 0 0 0 19 0 0 0 0 19 25 0 0 53 0
 7 0 27 0 0 0 3 6 0 0 0 0 25 0 0 0 0 0 0 0 0 0 0 0 6 0 6 1 12 0 30 0
 0 0 0 0 0 0 34 0 0 4 0 0 28 0 0 0 13 0 10 10 0 10 0 0 20 0 0 0 0 0 0 7
 0 0 0 38 0 0 0 0 0 0 0 0 0 9 0 8 0 0 37 0 0 24 0 22 5 0 0 0 0 0 0 6
 5 0 0 0 0 0 0 0 10 0 0 0 6 0 3 0 0 0 0 0 0 0 11 0 0 0 0 0 0 0 4 0
 0 0 0 21 0 0 0 0 6 0 0 0 0 0 0 0 0 0 0 0 0 0 0 0 0 0 0 0 0 0 9 3
 0 0 0 1 3 0 0 0 0 24 0 0 0 0 0 0 2 0 12 0 0 2 15 0 4 0 0 0 0 0 14 0
 0 0 0 0 0 24 0 12 0 0 18 6 0 0 0 0 0 14 0 0 0 0 17 3 0 0 0 0 0 0 0 0
 0 3 0 33 0 0 0 0 0 0 0 0 0 0 25 0 0 0 10 7 0 0 7 0 23 0 3 0 0 28 0 0
 0 0 0 12 3 0 0 0 0 0 0 0 0 0 0 0 0 0 0 0 0 0 0 0 2 0 0 0 0 0 0 0
 23 0 0 0 0 0 0 0 7 1 0 0 0 0 0 10 0 20 9 0 0 0 17 0 0 13 0 18 0 0 0 36
 0 0 0 4 0 0 0 0 0 0 0 0 0 0 0 0 0 0 16 10 0 0 0 0 0 0 0 0 0 2 0 0
 0 0 0 0 0 0 0 0 0 0 0 5 0 0 0 6 3 1 3 0 0 0 0 0 0 0 0 39 0 0 0 0
 0 0 1 0 0 12 28 54 0 17 14 10 20 3 0 0 2 0 0 0 15 0 0 0 0 0 0 0 11 0 27 0
 0 0 0 0 0 0 0 0 0 0 0 0 3 0 0 0 0 7 0 0 0 0 0 0 0 0 0 0 0 5 0 0
 39 3 0 0 20 0 0 0 3 0 0 0 32 15 0 0 0 21 0 0 0 0 0 3 0 42 0 40 0 0 4 10
 0 6 0 16 10 0 0 0 0 0 4 1 0 0 0 0 0 0 0 14 11 0 21 0 0 0 0 0 0 0 0 1
 0 0 15 0 0 0 0 0 0 0 0 0 17 0 0 0 0 0 0 0 0 0 0 0 0 0 0 11 0 0 0 0
 4 0 0 0 0 2 0 0 29 0 0 0 0 0 0 0 0 15 0 0 0 0 0 15 0 18 0 35 3 7 0 0
