16
 0 0 7 0 6 0 0 9 0 0 0 4 2 3 0 0
 0 0 22 0 0 7 0 0 10 0 0 4 0 2 21 0
 0 0 0 0 0 0 0 0 0 0 0 0 0 0 51 13
 0 18 5 0 0 24 0 0 33 0 0 6 0 0 6 0
 0 0 0 0 0 0 0 27 0 0 0 0 3 10 16 5
 0 0 14 11 4 0 0 0 9 0 0 0 0 0 7 0
 0 11 7 24 0 16 0 21 44 8 3 0 0 0 9 0
 0 0 0 0 0 0 0 0 0 10 0 0 0 0 0 0
 24 0 3 0 0 0 0 0 0 0 0 0 0 0 0 7
 0 32 31 17 0 31 0 0 22 0 25 0 0 0 11 0
 4 22 0 0 20 0 17 12 0 0 0 13 3 0 0 0
 0 0 0 0 40 0 0 18 0 0 7 0 0 0 0 31
 16 0 0 0 0 6 0 33 0 4 7 1 0 18 45 8
 3 0 0 24 0 0 0 34 0 0 11 17 0 0 0 0
 0 3 0 0 0 0 0 0 4 6 0 0 0 0 0 0
 1 0 0 0 0 0 0 7 0 0 27 0 0 6 0 0
