32
 0 3 0 0 0 0 8 6 0 0 10 0 0 0 0 0 0 32 0 0 0 0 0 0 0 0 7 0 3 0 0 0
 0 0 0 0 7 0 0 0 0 0 0 0 10 0 0 0 0 0 0 0 0 0 0 0 0 0 0 4 3 0 0 0
 3 0 0 0 0 0 0 0 0 0 0 0 0 0 0 0 0 19 0 0 0 0 0 0 7 0 6 2 0 0 0 0
 0 0 5 0 0 0 12 0 0 0 0 0 0 0 0 0 0 0 0 24 0 0 0 0 13 0 0 0 0 0 0 1
 15 7 0 0 0 0 0 0 0 0 0 0 0 0 0 0 0 14 0 0 0 0 3 0 0 0 0 17 3 8 0 0
 0 0 0 0 0 0 0 0 0 3 0 35 0 0 0 10 0 0 11 0 0 0 8 0 0 3 0 0 0 0 0 0
 0 0 21 0 0 0 0 5 0 0 0 0 0 0 0 0 0 9 0 13 0 0 0 0 7 0 0 0 0 0 29 0
 0 0 17 8 0 0 6 0 0 0 0 0 10 0 0 0 0 7 0 10 0 0 0 0 6 0 0 13 3 0 0 0
 0 0 0 1 7 24 0 0 0 0 1 10 0 0 0 0 0 28 0 17 10 0 0 21 31 21 0 0 0 0 0 5
 0 0 0 1 0 0 0 0 0 0 0 0 0 0 0 50 0 0 3 0 3 0 0 0 0 0 3 0 0 0 14 0
 0 0 0 0 0 19 0 0 0 37 0 0 0 0 0 5 0 0 15 0 3 0 0 0 0 0 0 0 0 7 0 0
 0 0 0 0 14 0 0 0 0 6 32 0 0 0 0 11 7 19 31 0 41 0 0 22 0 3 0 0 22 0 0 3
 0 0 0 0 13 0 0 0 0 18 0 0 0 0 14 17 0 0 7 3 0 0 13 0 0 0 0 0 0 14 0 0
 0 18 24 0 24 0 0 0 0 18 0 0 29 0 25 3 0 0 7 0 0 0 31 0 0 0 0 0 0 19 2 0
 0 6 0 22 31 0 0 0 0 9 0 0 20 0 0 10 7 0 38 0 0 0 0 0 0 0 9 0 0 1 15 0
 0 0 0 0 0 0 7 0 0 0 0 0 0 0 0 0 14 0 2 0 3 0 0 0 0 0 0 0 0 0 0 0
 0 0 18 0 0 11 0 0 0 58 37 0 25 6 0 14 0 0 27 0 0 0 0 0 0 0 0 0 0 0 17 0
 0 12 0 0 0 0 0 0 0 0 0 0 0 0 0 0 0 0 0 0 0 0 8 0 0 0 0 4 0 0 0 0
 0 0 0 0 0 0 0 2 0 14 0 0 0 0 0 3 0 0 0 18 0 0 0 0 0 0 0 0 0 0 0 0
 0 0 6 0 0 0 0 0 0 0 0 0 0 0 0 0 0 0 0 0 0 0 0 0 0 0 0 0 0 0 0 0
 0 21 0 0 0 10 0 0 0 0 32 0 0 0 0 0 18 0 7 0 0 0 0 24 0 0 0 20 0 0 0 0
 0 0 3 77 0 0 21 17 21 0 0 0 0 4 11 0 33 0 0 42 0 0 0 3 34 3 21 0 0 0 0 45
 7 26 0 0 25 0 0 0 0 0 0 0 0 0 17 0 0 0 0 0 0 0 0 0 0 0 0 21 11 0 0 0
 0 21 0 17 0 5 0 0 4 0 6 3 0 0 0 0 0 0 0 3 0 3 0 0 11 16 0 18 0 10 0 7
 0 0 0 0 0 0 0 0 0 0 0 0 0 0 0 3 0 0 0 30 0 0 0 0 0 0 3 0 0 0 0 0
 0 0 0 8 0 0 0 0 4 0 35 0 0 0 0 0 0 0 0 10 7 0 15 0 7 0 0 0 0 0 0 8
 0 0 31 23 0 0 25 30 0 0 0 0 0 0 0 0 0 17 0 3 0 0 0 0 0 0 0 21 21 0 0 0
 9 0 0 0 0 0 7 0 0 0 0 0 0 0 0 0 0 1 0 0 0 0 0 0 0 0 0 0 0 2 0 0
 21 0 21 0 0 7 3 0 0 0 0 0 0 0 0 0 0 32 0 0 0 0 0 0 0 4 0 44 0 14 0 21
 7 58 0 0 13 0 0 0 0 0 0 0 0 0 0 0 0 21 0 0 0 0 21 0 0 0 0 0 0 0 3 6
 0 7 0 0 13 0 0 0 0 0 0 0 10 6 3 9 0 0 4 0 0 0 17 0 4 0 0 0 0 0 0 0
 2 0 0 0 0 8 0 0 21 0 31 0 0 0 0 0 0 0 0 3 11 0 0 12 3 8 0 0 0 0 0 0
