32
 0 0 8 0 0 25 3 14 0 0 25 36 0 0 0 0 0 24 0 0 3 0 12 0 0 23 0 46 7 0 0 0
 0 0 0 0 7 0 0 0 11 0 0 0 27 0 6 0 0 0 0 0 0 0 0 4 0 2 0 0 0 0 3 6
 0 0 0 0 0 0 0 6 0 0 0 0 0 0 0 0 3 3 0 0 0 0 0 0 0 0 6 0 0 0 0 0
 0 0 0 0 0 0 0 0 10 0 0 0 9 13 0 0 0 0 0 43 0 0 0 0 10 0 0 0 0 0 1 0
 34 38 0 0 0 0 0 0 19 0 0 8 7 3 11 0 0 0 0 0 0 0 8 3 0 11 0 0 11 42 17 28
 0 0 0 0 0 0 0 0 0 0 0 4 0 0 0 1 3 24 2 0 0 0 0 0 0 0 0 0 0 5 0 0
 0 0 12 13 0 0 0 55 0 0 0 0 0 0 0 15 5 24 20 0 0 0 0 0 0 0 6 10 3 0 0 0
 0 0 3 0 0 0 0 0 0 0 0 0 0 0 0 0 0 0 0 0 0 0 0 0 0 0 0 14 0 0 14 0
 0 0 0 0 0 0 0 0 0 0 0 0 0 0 0 0 0 0 0 10 0 0 0 1 0 10 0 0 0 0 0 3
 0 0 6 0 14 2 3 3 0 0 12 19 0 0 0 7 21 0 6 0 3 8 0 0 0 0 7 0 0 0 0 0
 0 0 0 0 0 7 0 0 0 0 0 2 0 0 0 0 0 0 5 0 0 0 8 0 0 31 0 15 0 0 0 0
 0 0 0 0 0 8 0 0 21 0 4 0 0 0 0 10 7 14 10 0 17 0 0 0 0 0 0 14 10 0 0 17
 0 0 0 0 0 0 4 0 0 0 0 0 0 6 35 0 0 0 0 0 0 0 18 0 7 0 0 0 0 10 42 0
 0 3 0 0 0 0 0 0 0 3 0 0 7 0 3 0 0 0 0 6 0 0 0 0 0 0 0 0 0 13 8 0
 0 0 2 3 0 0 0 0 0 0 0 0 0 35 0 0 0 0 0 3 0 0 0 0 0 0 0 0 0 0 6 0
 0 0 20 8 0 0 0 4 0 16 35 0 37 0 0 0 37 0 20 0 0 0 0 0 0 0 10 0 0 0 0 0
 0 0 0 0 0 0 0 3 0 0 5 0 0 0 6 0 0 0 0 16 0 0 0 0 0 0 0 0 0 0 0 0
 2 0 0 0 0 0 0 18 0 0 7 0 0 0 0 0 0 0 0 0 0 0 0 0 0 0 0 21 9 8 0 0
 0 0 4 0 0 0 0 7 0 3 0 0 0 0 0 0 11 0 0 0 0 0 0 0 14 0 0 0 0 0 3 0
 0 0 2 0 0 0 0 0 0 0 0 0 18 0 0 0 0 0 0 0 0 10 0 0 0 1 0 0 0 0 28 7
 0 10 0 0 0 24 0 0 0 0 19 7 0 0 0 6 17 3 16 0 0 0 0 32 0 0 0 0 0 0 0 0
 0 0 0 15 0 0 0 0 24 0 0 0 21 7 34 7 0 0 0 29 0 0 0 1 7 0 7 0 0 0 17 17
 0 13 0 0 0 0 0 0 6 0 0 0 0 6 11 0 0 0 0 0 0 0 0 3 0 0 0 0 0 7 0 0
 0 0 0 14 0 0 0 0 7 0 0 0 0 0 0 0 0 0 0 7 0 0 0 0 0 0 0 3 0 14 0 11
 0 0 0 0 0 0 0 21 3 0 0 0 0 13 5 0 0 0 0 31 0 6 0 3 0 0 0 0 0 0 22 14
 0 0 0 3 0 0 0 0 6 0 0 0 0 0 0 0 0 0 0 0 0 7 22 25 7 0 0 0 0 0 0 0
 12 0 0 0 0 0 15 37 0 7 0 0 0 35 0 0 4 6 3 0 0 0 0 0 0 0 0 25 0 0 0 0
 0 1 5 0 0 6 0 0 0 0 0 0 0 0 0 0 0 3 0 0 17 0 0 0 0 0 0 0 0 0 0 0
 30 0 29 0 0 26 0 17 1 0 3 0 0 0 0 0 0 0 0 0 32 0 0 0 0 0 9 33 0 0 0 0
 0 7 0 0 0 0 0 0 4 0 0 0 0 0 7 0 0 0 0 0 0 0 7 0 0 28 0 0 0 0 0 0
 0 0 0 0 0 0 0 0 0 0 0 0 0 0 3 0 0 0 0 0 0 0 6 0 0 0 0 0 0 28 0 0
 0 0 0 10 0 3 0 0 11 0 0 0 0 0 0 0 0 14 0 0 0 0 33 6 0 17 0 0 0 1 0 0
