31
 0 0 0 0 0 0 0 8 1 0 0 0 0 0 0 0 0 0 0 0 0 0 0 0 0 0 0 0 0 0 1
 0 0 0 0 6 0 0 0 0 0 0 0 0 0 16 0 0 0 0 0 0 0 0 0 0 0 8 0 0 0 0
 6 0 0 0 0 0 57 49 27 18 0 0 0 8 0 21 0 13 0 0 0 0 27 14 0 16 0 0 0 15 0
 0 0 0 0 0 17 0 0 0 0 0 9 0 0 4 3 0 0 0 0 3 0 0 3 0 0 0 19 0 3 0
 0 0 0 0 0 0 0 0 0 0 0 17 0 0 0 8 16 0 0 0 0 0 0 0 0 0 34 23 0 0 0
 0 0 0 0 0 0 0 0 0 0 3 3 3 0 0 0 0 0 0 0 7 0 0 0 0 0 0 0 3 0 0
 11 0 0 0 0 0 0 9 0 10 0 0 0 3 0 0 0 0 0 0 0 0 0 0 0 0 0 0 0 0 0
 0 0 0 0 0 0 17 0 0 0 0 0 0 0 0 0 0 0 0 0 8 0 0 0 0 3 0 0 0 0 0
 41 0 0 0 3 0 17 0 0 0 0 0 0 0 0 0 0 0 0 0 0 0 0 0 0 0 0 0 0 0 25
 0 28 0 0 0 0 0 34 0 0 0 0 0 0 0 15 0 12 0 0 0 15 0 7 0 0 29 14 0 0 0
 0 3 0 0 0 7 0 0 0 0 0 7 0 0 0 0 0 0 0 0 25 4 10 3 0 0 0 0 14 0 5
 26 0 0 0 0 22 0 0 0 0 13 0 2 0 0 0 0 0 0 11 0 0 0 0 3 0 3 0 3 0 0
 0 0 0 26 0 0 0 0 0 0 12 0 0 29 13 0 0 0 7 21 7 0 0 8 0 0 0 13 0 0 0
 34 0 0 0 0 0 13 68 6 0 0 0 0 0 0 0 0 0 0 0 0 0 0 0 0 10 0 0 0 3 0
 0 0 0 0 1 0 0 0 0 14 0 0 0 0 0 32 20 0 0 0 0 0 0 0 0 0 0 12 0 0 0
 0 0 0 0 0 0 0 0 0 0 0 0 0 0 1 0 0 0 0 0 0 0 0 0 0 0 0 0 0 0 0
 0 37 0 0 0 0 0 0 0 5 0 0 0 0 0 26 0 0 0 11 0 5 14 0 0 0 27 3 0 0 0
 0 27 0 0 43 0 0 26 0 0 0 0 7 0 21 5 0 0 27 0 0 9 0 24 0 0 6 28 0 0 0
 0 0 13 36 0 0 15 0 0 0 15 8 9 0 0 10 0 0 0 0 10 0 0 0 0 0 0 23 0 0 0
 17 0 0 4 14 15 0 0 12 0 14 0 0 0 0 0 0 0 6 0 8 18 0 0 0 0 0 0 7 0 0
 0 0 0 3 0 0 3 0 0 9 0 0 8 0 6 0 0 0 0 0 0 0 0 0 0 0 0 0 0 0 0
 11 18 0 0 28 21 0 0 0 0 0 0 0 0 0 1 10 0 0 0 0 0 0 0 0 0 20 0 0 0 0
 29 7 0 0 0 7 0 21 9 0 0 0 0 3 0 0 0 0 0 41 0 0 0 0 42 20 0 0 0 0 2
 0 0 0 13 0 7 0 0 0 0 0 4 10 0 0 0 0 0 20 0 18 0 0 0 0 0 0 0 4 0 0
 44 28 0 0 0 4 9 11 30 0 0 0 0 0 0 0 0 0 0 0 0 14 0 0 0 3 0 0 18 0 3
 0 0 3 0 0 0 35 22 0 0 0 0 0 11 0 13 0 1 0 0 0 0 0 17 0 0 0 0 0 0 21
 7 10 0 0 0 17 0 0 17 0 0 0 0 0 14 28 0 0 0 0 0 0 0 0 0 0 0 0 0 0 0
 0 20 0 0 0 0 0 0 0 0 0 0 0 7 0 10 0 3 0 0 0 10 0 0 0 0 0 0 0 0 0
 0 13 0 14 0 41 0 0 20 0 21 5 0 0 0 0 3 0 3 28 5 0 0 0 0 0 0 0 0 0 0
 0 0 8 0 0 0 41 38 31 0 0 0 0 14 3 0 0 0 0 0 0 0 14 0 2 5 0 0 0 0 6
 17 0 7 0 3 0 0 0 0 0 0 0 0 19 0 0 13 0 0 0 0 0 10 0 3 0 0 0 3 0 0
