16
 0 0 0 0 0 0 0 38 0 0 0 0 15 3 33 8
 19 0 32 0 0 0 24 28 0 19 0 0 28 16 15 0
 10 0 0 0 0 0 0 3 0 3 0 0 19 0 0 11
 0 0 0 0 0 3 0 0 10 0 0 0 20 0 0 0
 0 0 0 14 0 21 14 0 2 0 0 6 7 0 6 9
 0 0 0 3 0 0 0 3 9 15 0 1 0 0 0 3
 0 0 0 19 3 14 0 0 13 0 32 14 0 28 0 0
 4 0 0 0 0 0 0 0 0 0 0 0 0 6 5 0
 6 0 12 28 0 0 3 0 0 0 14 0 0 0 0 0
 7 0 3 0 0 0 0 28 0 0 0 0 18 5 7 0
 0 0 0 6 4 11 0 7 0 3 0 5 0 0 0 9
 0 9 0 15 14 0 0 0 11 0 5 0 0 0 0 0
 0 0 0 0 0 0 0 29 0 0 0 0 0 0 0 0
 0 2 33 0 0 20 0 21 0 0 0 11 21 0 0 0
 0 7 4 26 0 0 0 0 0 5 0 0 17 9 0 0
 0 0 0 20 0 0 18 0 6 0 2 12 0 0 0 0
