16
 0 3 0 0 0 10 0 32 0 0 0 0 0 3 0 0
 0 0 7 0 0 0 0 0 0 0 0 0 4 3 0 0
 15 7 0 0 0 0 0 14 0 3 0 0 17 3 8 0
 0 0 0 0 0 0 35 0 0 8 0 3 0 0 0 0
 0 0 7 24 0 1 10 28 10 0 21 21 0 0 0 5
 0 0 0 19 0 0 0 0 3 0 0 0 0 0 7 0
 0 0 14 0 0 32 0 19 41 0 22 3 0 22 0 3
 0 12 0 0 0 0 0 0 0 8 0 0 4 0 0 0
 0 21 0 10 0 32 0 0 0 0 24 0 20 0 0 0
 7 26 25 0 0 0 0 0 0 0 0 0 21 11 0 0
 0 21 0 5 4 6 3 0 0 0 0 16 18 0 10 7
 0 0 0 0 4 35 0 0 7 15 0 0 0 0 0 8
 9 0 0 0 0 0 0 1 0 0 0 0 0 0 2 0
 21 0 0 7 0 0 0 32 0 0 0 4 44 0 14 21
 7 58 13 0 0 0 0 21 0 21 0 0 0 0 0 6
 2 0 0 8 21 31 0 0 11 0 12 8 0 0 0 0
