15
 0 0 23 0 7 7 0 0 0 0 0 1 0 0 0
 20 0 11 0 7 0 3 0 0 7 0 0 0 0 0
 0 0 0 0 0 0 0 0 11 0 0 0 0 0 0
 7 28 0 0 0 27 0 0 14 0 0 0 6 27 5
 14 0 0 0 0 0 0 0 0 0 7 0 6 0 8
 0 0 0 0 5 0 0 0 3 0 0 0 0 0 0
 0 0 21 18 0 24 0 0 11 0 9 0 10 1 37
 0 47 40 0 0 35 28 0 0 13 1 8 17 0 0
 0 0 0 0 0 5 22 0 0 0 12 0 0 4 0
 0 18 6 0 0 0 0 3 13 0 0 0 0 0 0
 11 0 0 0 3 0 0 0 0 8 0 0 0 0 14
 14 0 0 14 55 0 0 0 31 0 4 0 0 26 14
 0 9 13 0 0 8 0 0 0 39 0 10 0 0 0
 0 0 0 0 4 6 4 7 27 27 0 0 0 0 0
 13 0 3 0 0 0 0 0 0 30 14 10 0 0 0
