32
 0 0 0 0 0 0 3 0 0 0 0 7 0 0 0 0 0 0 0 0 1 0 0 0 0 0 0 3 0 0 0 0
 0 0 0 0 6 0 0 0 14 0 0 0 0 0 7 0 0 0 0 0 0 0 0 20 0 0 0 0 0 2 0 0
 8 0 0 0 0 0 18 55 0 20 0 0 0 0 7 0 14 0 0 0 0 0 0 0 0 0 3 38 3 0 0 0
 0 0 0 0 0 0 6 0 0 0 0 0 0 0 21 0 0 0 0 0 0 31 0 17 11 0 0 0 0 0 0 17
 3 20 0 0 0 0 0 0 19 0 6 0 0 3 1 0 0 6 0 0 0 0 9 13 0 11 0 0 0 6 0 3
 25 0 0 0 0 0 0 0 0 9 8 0 0 0 0 0 13 0 3 0 3 0 0 0 0 0 0 0 0 0 0 3
 0 0 8 0 0 0 0 7 0 0 0 0 7 0 0 5 7 0 0 0 0 0 0 0 0 0 4 3 3 0 0 0
 38 0 0 0 0 0 8 0 0 0 0 0 0 0 0 0 0 0 6 0 0 0 0 0 0 0 20 1 0 0 0 0
 17 0 0 4 4 0 0 0 0 0 31 0 0 0 0 0 0 0 0 0 0 0 0 19 11 2 0 0 0 0 0 34
 0 0 0 0 0 0 20 3 0 0 4 0 0 14 0 18 53 0 35 0 0 0 0 0 0 0 3 0 0 0 0 0
 18 0 0 0 0 2 0 0 0 0 0 8 0 0 0 0 0 10 10 0 0 0 0 0 0 0 0 0 0 0 0 0
 0 0 0 0 0 28 0 0 0 28 25 0 0 0 0 0 17 0 34 0 3 0 0 0 0 0 0 10 28 7 0 0
 0 4 0 2 4 0 0 0 0 0 0 0 0 0 4 0 0 0 0 1 0 0 0 0 0 0 0 0 0 0 0 0
 0 31 0 3 0 0 0 3 0 31 0 0 12 0 10 7 0 0 0 6 0 0 34 0 7 0 0 0 0 3 28 0
 0 0 0 0 0 0 0 0 0 0 0 0 27 5 0 0 6 0 0 0 0 0 1 0 0 0 0 0 0 7 0 0
 0 0 7 33 0 28 0 21 0 1 28 6 28 0 0 0 17 0 10 0 0 0 0 0 0 0 21 0 0 0 0 0
 0 0 0 0 0 0 0 6 0 0 7 0 0 0 0 0 0 0 7 0 14 0 0 0 0 0 0 0 0 0 0 0
 27 36 11 0 0 2 17 6 0 0 0 10 0 0 0 0 0 0 0 0 31 0 0 0 0 0 12 3 5 0 0 0
 0 0 8 0 0 0 3 0 0 0 0 0 0 0 0 0 3 0 0 0 10 0 0 0 0 0 0 0 0 0 0 0
 0 0 3 27 0 0 0 0 19 0 0 0 0 0 14 0 16 0 0 0 0 0 0 13 13 0 0 0 0 0 0 1
 0 13 0 0 0 11 0 0 0 8 20 5 0 0 0 25 0 0 0 0 0 0 0 0 0 0 0 28 27 0 0 0
 0 0 0 31 3 0 0 6 12 4 0 0 3 14 14 0 0 0 0 18 0 0 0 11 12 21 0 0 0 0 11 0
 0 31 0 0 0 7 0 0 6 0 0 0 21 0 0 0 0 0 0 0 0 0 0 38 0 0 0 0 0 3 0 4
 0 0 0 0 0 0 0 0 0 0 0 0 0 0 0 0 0 10 0 0 12 0 0 0 3 0 0 0 0 0 0 3
 0 0 0 27 0 0 0 0 0 0 0 0 5 0 3 0 0 0 3 0 0 0 0 0 0 0 6 0 0 0 7 0
 0 7 0 10 9 0 0 0 26 0 0 6 0 0 0 0 0 0 0 7 0 0 13 22 7 0 0 0 0 0 0 26
 13 0 19 0 0 0 7 7 0 0 0 0 0 0 0 0 16 0 20 0 0 0 0 0 0 0 0 0 0 0 0 0
 36 0 0 0 0 42 0 0 0 0 7 0 0 0 0 0 0 20 0 0 0 0 0 0 0 3 16 0 0 17 0 0
 56 0 0 0 0 7 0 27 0 0 21 0 0 0 0 0 0 1 0 0 0 0 17 0 0 0 7 8 0 0 0 0
 0 21 0 0 0 0 0 0 16 0 0 0 13 0 0 0 0 0 0 0 0 0 7 6 0 17 0 0 0 0 0 22
 0 7 3 2 20 0 0 0 0 0 0 0 24 0 20 0 0 0 5 24 0 0 15 0 0 0 17 0 0 20 0 0
 0 2 0 0 0 0 0 0 0 0 0 0 0 0 0 0 0 0 0 0 0 3 0 13 3 0 0 0 7 0 0 0
