32
 0 0 0 0 0 0 0 0 0 0 0 0 0 0 0 0 0 38 0 0 0 0 0 0 25 0 0 15 3 33 0 8
 19 0 0 0 32 0 0 0 0 7 0 24 0 0 0 0 0 28 7 0 0 0 19 0 0 0 0 28 16 15 0 0
 0 0 0 6 0 0 5 26 0 0 0 0 0 0 2 0 0 0 0 32 0 0 0 0 0 1 7 0 0 0 0 0
 15 0 0 0 0 0 4 20 0 0 0 0 0 0 7 0 0 11 0 0 0 16 0 0 0 0 0 29 0 0 0 0
 10 0 0 0 0 0 0 0 0 0 0 0 0 0 0 0 12 3 0 0 0 0 3 0 0 0 0 19 0 0 0 11
 0 0 0 0 0 0 0 0 0 0 3 0 0 0 0 0 0 0 0 0 10 0 0 0 0 0 0 20 0 0 0 0
 0 0 17 0 0 0 0 27 0 0 0 0 0 0 0 0 0 0 0 15 0 0 0 0 1 18 0 0 0 0 0 0
 0 0 0 0 0 0 0 0 0 0 0 0 0 0 0 0 3 0 0 0 0 0 0 0 0 0 0 0 0 0 0 0
 0 0 10 0 0 14 14 25 0 0 21 14 0 0 0 0 0 0 0 0 2 0 0 0 0 6 5 7 0 6 0 9
 0 0 0 0 1 0 12 0 0 0 0 0 18 14 10 0 8 0 18 0 0 0 2 0 0 0 0 0 0 20 0 0
 0 0 0 0 0 3 0 0 0 0 0 0 0 4 7 0 0 3 0 0 9 0 15 0 0 1 0 0 0 0 0 3
 0 0 0 0 0 19 0 0 3 0 14 0 8 0 4 0 0 0 0 0 13 0 0 32 0 14 0 0 28 0 0 0
 0 0 0 0 0 9 2 0 0 0 7 0 0 8 4 7 0 0 13 0 0 0 0 0 0 0 0 0 0 0 7 0
 0 0 0 0 0 6 0 0 0 0 0 5 0 0 4 0 4 0 0 0 28 0 0 0 31 0 0 0 0 0 15 0
 0 0 0 0 0 1 0 0 0 0 0 0 0 3 0 0 0 0 0 0 0 0 0 0 0 0 0 0 0 0 21 0
 0 1 0 0 3 0 0 0 0 26 0 0 0 16 5 0 16 0 24 0 0 0 6 0 21 0 0 0 0 0 0 0
 0 3 0 0 0 0 0 0 0 8 0 0 8 0 24 0 0 0 0 0 0 0 0 0 0 0 0 0 0 0 8 0
 4 0 0 0 0 0 0 0 0 0 0 0 0 0 0 0 0 0 0 0 0 0 0 0 3 0 0 0 6 5 0 0
 0 0 1 14 3 0 0 0 0 10 0 0 7 8 17 0 6 0 0 0 0 0 1 0 0 0 0 0 0 6 7 0
 3 0 0 6 0 0 0 6 0 0 0 0 0 0 0 0 7 4 0 0 0 0 0 0 25 0 15 7 0 0 0 0
 6 0 0 0 12 28 0 0 0 0 0 3 18 0 9 0 0 0 0 0 0 0 0 14 0 0 0 0 0 0 9 0
 2 6 7 16 0 0 18 20 0 13 0 0 45 0 0 0 0 16 0 28 0 0 0 0 43 0 30 13 0 0 0 0
 7 0 0 0 3 0 0 0 0 0 0 0 0 0 0 0 1 28 0 0 0 0 0 0 0 0 0 18 5 7 0 0
 0 0 4 0 0 6 1 14 4 0 11 0 0 0 0 0 0 7 0 0 0 0 3 0 0 5 0 0 0 0 0 9
 0 0 8 26 0 0 0 3 0 0 0 0 0 0 0 0 0 0 0 0 0 0 0 0 0 0 0 6 0 0 0 0
 0 9 0 0 0 15 0 19 14 0 0 0 0 0 0 0 0 0 0 0 11 0 0 5 0 0 31 0 0 0 0 0
 0 0 4 7 0 0 12 18 0 0 0 0 0 21 0 31 0 0 0 18 0 0 0 10 18 0 0 0 0 0 0 22
 0 0 0 0 0 0 0 0 0 0 0 0 0 0 0 0 0 29 0 0 0 0 0 0 0 0 0 0 0 0 0 0
 0 2 0 6 33 0 0 0 0 0 20 0 0 0 0 0 0 21 0 2 0 7 0 0 10 11 0 21 0 0 0 0
 0 7 0 0 4 26 0 0 0 0 0 0 0 0 0 2 7 0 0 0 0 0 5 0 0 0 0 17 9 0 0 0
 0 0 0 0 0 6 0 2 0 3 1 22 7 0 14 2 0 0 0 13 0 0 0 0 0 0 0 0 0 0 0 0
 0 0 6 0 0 20 0 11 0 0 0 18 0 0 0 0 0 0 0 0 6 0 0 2 0 12 0 0 0 0 0 0
