32
 0 0 0 0 0 0 0 0 11 0 8 0 0 0 0 3 1 23 11 0 0 0 0 11 0 4 0 9 0 0 0 10
 11 0 0 0 2 0 0 0 0 0 0 0 0 0 0 0 0 0 0 0 0 0 19 0 0 0 0 0 0 52 0 0
 0 22 0 0 28 0 0 12 0 0 0 0 0 0 8 0 0 0 0 15 0 0 7 0 0 0 33 0 0 31 14 0
 0 0 0 0 0 3 0 16 0 0 3 8 0 0 0 0 0 0 0 19 1 8 0 0 55 0 0 0 0 0 0 0
 11 31 0 0 0 7 0 4 0 0 17 0 0 0 0 0 0 0 0 0 0 0 31 0 0 0 0 0 0 8 0 0
 0 14 0 0 0 0 0 0 0 0 0 0 0 0 0 0 0 0 0 0 8 0 0 0 8 0 0 8 0 8 0 0
 0 14 10 0 0 0 0 30 0 9 0 0 9 0 10 0 0 0 0 0 0 0 17 0 0 0 0 0 0 1 26 0
 0 2 0 0 0 0 21 0 0 0 0 0 0 0 0 0 0 0 10 0 0 0 2 0 0 0 21 0 0 5 1 0
 0 0 0 0 0 13 0 0 0 0 4 0 3 35 14 0 0 3 0 0 0 0 21 13 0 11 0 0 7 0 16 27
 21 0 0 7 0 0 0 0 0 0 0 0 0 7 0 20 26 0 57 3 0 0 0 0 14 0 0 25 0 0 0 0
 0 1 0 0 0 23 0 0 0 0 0 12 0 0 0 0 0 0 0 4 16 0 1 21 7 0 0 0 0 17 0 0
 0 6 0 0 21 62 0 0 5 0 10 0 0 0 0 0 0 0 0 3 35 5 0 0 7 33 0 0 0 17 0 0
 0 0 12 6 0 0 0 16 0 0 0 0 0 0 20 0 0 0 16 0 0 0 0 0 0 0 0 0 0 0 38 11
 0 0 7 0 0 0 43 1 0 11 0 0 12 0 47 0 0 0 0 0 0 0 0 16 0 0 0 0 0 0 41 22
 0 0 0 0 0 0 0 18 0 0 0 0 0 0 0 0 0 0 0 0 0 0 0 1 0 0 0 0 0 0 8 0
 0 0 0 4 0 0 0 0 0 0 0 0 0 0 0 0 15 27 18 19 0 27 0 0 14 0 0 0 4 0 0 0
 0 0 1 12 0 0 0 0 0 0 0 0 0 0 19 0 0 3 10 0 0 0 0 0 31 0 0 3 9 0 0 0
 0 0 0 0 0 0 0 0 0 15 0 0 0 0 0 0 0 0 52 0 0 0 0 0 0 0 0 3 2 2 0 24
 0 0 0 2 0 0 0 0 0 0 0 0 0 0 0 4 0 0 0 0 0 0 0 0 0 0 0 11 0 0 0 0
 0 0 0 13 0 13 0 0 0 0 0 0 0 0 14 0 37 0 24 0 2 13 0 0 3 0 0 0 0 0 0 0
 0 13 0 0 18 4 0 0 0 0 0 0 0 0 0 0 0 28 0 0 0 0 0 0 6 0 0 0 0 6 0 3
 0 0 4 15 0 28 26 0 0 22 25 0 0 60 0 0 9 0 7 28 23 0 0 0 3 0 0 0 4 0 0 0
 0 0 0 0 18 16 0 0 0 0 0 21 0 0 0 0 0 0 0 0 11 0 0 0 0 0 3 0 0 9 0 0
 0 10 0 0 0 0 0 0 0 0 0 0 13 0 0 0 0 10 0 0 0 0 0 0 0 0 0 0 0 0 29 42
 0 0 0 0 0 0 0 0 0 0 0 0 0 0 0 0 0 0 5 13 0 0 0 0 0 0 7 0 0 0 5 0
 0 0 0 0 24 0 0 0 23 0 0 0 10 3 17 0 0 6 0 0 0 0 0 35 0 0 0 0 0 0 19 3
 0 7 20 0 18 0 31 3 0 0 0 0 7 17 8 8 0 0 0 0 0 0 0 0 0 0 0 0 0 0 3 0
 3 0 0 0 0 0 0 0 11 0 0 0 0 0 0 5 0 14 0 0 0 0 3 6 0 5 0 0 0 0 0 4
 45 0 0 0 18 0 0 0 0 6 0 26 0 0 0 0 0 14 6 0 0 0 0 21 0 10 0 26 0 0 0 10
 0 0 0 0 0 0 0 0 0 0 0 0 0 0 0 0 0 0 0 0 0 0 0 0 0 0 3 0 0 0 0 20
 0 0 0 0 0 0 0 0 0 0 0 0 0 0 2 16 0 0 0 0 0 0 0 0 0 0 0 0 0 0 0 0
 0 0 0 0 0 0 0 0 3 0 0 0 0 0 31 0 0 0 0 0 0 0 0 0 0 3 0 0 0 0 2 0
