32
 0 0 0 0 7 0 0 3 6 0 0 0 0 0 0 0 0 9 0 0 0 0 0 0 0 4 0 2 3 0 0 0
 0 0 0 0 22 0 0 0 0 0 7 0 0 24 27 0 0 0 0 0 10 0 0 0 0 4 0 0 2 21 6 0
 3 0 0 0 0 0 15 20 0 0 0 0 22 14 0 0 0 30 0 0 0 0 0 0 17 0 31 10 0 0 0 0
 0 0 0 0 0 0 0 0 0 26 0 0 0 0 0 34 0 0 3 0 0 3 0 0 0 7 0 0 0 0 0 23
 0 0 0 0 0 0 0 0 0 0 0 0 15 8 6 0 0 0 0 0 0 0 0 0 0 0 0 0 0 51 0 13
 0 18 0 0 5 0 0 0 0 0 24 0 0 0 0 0 11 0 0 0 33 0 0 0 0 6 0 0 0 6 0 0
 7 0 0 3 0 0 0 13 0 0 0 0 0 10 10 0 0 7 0 0 0 0 0 0 0 0 0 0 22 0 7 0
 0 0 0 0 0 0 0 0 0 0 0 0 0 8 4 0 0 0 0 1 0 0 0 0 0 0 0 0 3 0 0 0
 0 0 0 37 0 0 0 0 0 0 0 0 0 0 0 0 0 27 0 1 0 0 0 0 0 0 0 3 10 16 0 5
 0 0 0 0 0 3 2 0 0 0 0 0 0 0 0 7 3 0 14 3 3 0 0 0 4 0 6 0 0 0 0 0
 0 0 0 0 14 11 0 0 4 35 0 0 0 0 0 45 28 0 1 0 9 0 0 0 0 0 0 0 0 7 0 0
 0 11 0 0 7 24 0 0 0 26 16 0 0 0 0 0 7 21 30 0 44 0 8 3 0 0 0 0 0 9 0 0
 0 7 0 0 0 0 22 18 0 0 0 0 0 27 17 0 0 0 0 10 0 0 0 0 0 0 7 0 0 28 34 0
 0 0 0 0 0 0 0 0 0 0 0 0 3 0 0 0 0 0 0 0 0 0 0 0 0 0 0 0 0 0 14 0
 0 0 5 0 0 0 0 0 0 0 0 0 0 20 0 0 0 0 0 0 0 0 0 0 0 0 0 0 0 27 2 0
 0 0 0 0 0 7 0 0 0 4 0 5 0 4 0 0 3 0 28 0 5 0 0 0 0 0 0 0 0 0 0 0
 0 0 20 27 0 0 0 0 0 5 0 0 0 0 24 3 0 0 12 10 7 0 0 0 0 0 0 0 0 0 0 0
 0 0 0 0 0 0 0 1 0 0 0 0 0 0 0 0 0 0 0 0 0 0 10 0 0 0 0 0 0 0 0 0
 0 0 0 0 0 5 0 7 0 3 0 0 5 0 0 3 7 0 0 0 6 0 0 0 10 0 0 0 0 0 0 0
 0 0 0 34 0 0 0 0 0 0 0 0 0 0 0 28 0 0 20 0 0 0 0 0 2 0 0 0 0 0 0 11
 24 0 0 0 3 0 0 0 0 0 0 0 0 0 0 0 0 0 0 0 0 0 0 0 0 0 0 0 0 0 0 7
 0 0 3 28 0 0 0 0 4 53 0 0 0 7 0 31 14 0 12 17 0 0 0 0 30 18 0 0 0 0 0 7
 0 32 0 0 31 17 0 0 0 0 31 0 7 55 13 0 0 0 0 0 22 0 0 25 0 0 0 0 0 11 5 0
 4 22 0 3 0 0 0 0 20 0 0 17 0 0 0 0 0 12 0 3 0 8 0 0 15 13 0 3 0 0 0 0
 0 0 0 20 0 0 0 0 3 0 0 0 0 0 29 27 6 0 0 18 0 0 0 0 0 0 0 0 0 0 0 15
 0 0 0 0 0 0 0 0 40 0 0 0 0 0 0 0 0 18 0 16 0 0 0 7 26 0 0 0 0 0 0 31
 12 0 0 0 0 0 35 15 0 0 0 0 0 3 4 4 0 27 0 0 0 8 0 0 0 0 0 0 24 0 21 0
 16 0 0 0 0 0 5 10 0 0 6 0 0 0 0 0 0 33 0 0 0 0 4 7 0 1 17 0 18 45 0 8
 3 0 5 0 0 24 0 0 0 0 0 0 0 0 0 0 0 34 0 0 0 0 0 11 0 17 0 0 0 0 0 0
 0 3 0 0 0 0 0 0 0 0 0 0 0 7 0 0 0 0 0 0 4 0 6 0 0 0 0 0 0 0 0 0
 0 0 13 6 27 0 0 18 0 3 0 0 1 17 6 0 0 0 0 0 0 0 0 0 0 0 0 0 0 6 0 0
 1 0 0 0 0 0 0 0 0 0 0 0 0 0 0 0 0 7 0 0 0 0 0 27 0 0 0 0 6 0 0 0
