16
 0 6 20 0 6 0 0 45 0 0 0 7 15 19 0 0
 0 0 17 2 0 13 3 4 7 14 0 0 0 0 3 0
 4 15 0 3 0 9 4 0 0 25 0 0 0 0 15 0
 0 0 0 0 0 31 3 24 7 3 0 4 0 0 0 0
 0 0 0 0 0 0 11 0 0 0 12 4 13 25 4 4
 0 0 0 0 0 0 0 0 0 0 0 0 0 0 0 0
 0 0 0 34 0 33 0 0 5 0 0 0 0 10 0 0
 0 0 0 0 20 0 0 0 0 0 0 0 0 0 0 2
 21 0 10 20 0 6 1 0 0 3 1 0 0 0 0 0
 0 4 0 0 0 35 22 0 0 0 0 0 14 0 4 0
 8 0 6 0 21 0 0 28 0 0 0 5 12 38 0 25
 28 13 0 0 38 0 0 35 12 0 18 0 14 19 0 0
 0 0 0 0 0 18 0 20 0 0 0 0 0 3 0 3
 0 0 0 0 0 0 0 27 0 0 0 0 21 0 0 0
 0 15 24 3 0 18 9 0 6 3 0 0 0 10 0 0
 7 0 0 0 2 8 0 0 0 5 0 13 0 3 0 0
