16
 0 0 0 0 0 28 0 0 0 0 0 21 0 4 0 0
 4 0 2 0 6 13 0 0 0 10 34 13 0 2 1 7
 0 10 0 0 0 0 0 0 0 14 0 8 0 0 0 8
 15 0 1 0 16 8 0 17 18 0 0 0 0 0 0 0
 0 0 5 0 0 0 0 0 0 0 7 20 0 0 6 0
 0 0 0 0 0 0 0 4 0 0 0 3 0 4 0 0
 14 0 0 21 0 11 0 10 23 1 0 0 0 0 0 0
 28 0 0 0 0 0 0 0 0 0 0 0 3 6 15 3
 7 0 0 7 0 17 3 14 0 0 0 0 11 0 0 0
 0 4 0 0 3 0 0 0 0 0 0 15 0 0 48 0
 0 0 29 0 5 0 28 0 0 25 0 35 23 0 7 4
 0 0 0 0 0 0 0 0 0 0 2 0 0 0 2 0
 35 4 0 25 0 8 22 0 0 10 0 0 0 7 0 0
 58 0 4 6 20 0 2 7 10 0 0 0 29 0 0 10
 0 5 12 0 0 0 0 0 19 0 0 0 0 0 0 0
 0 0 0 0 17 0 0 0 12 8 1 32 0 0 2 0
