32
 0 0 0 0 0 0 0 0 0 0 28 0 0 0 0 0 0 0 0 3 0 2 0 0 0 21 0 0 4 0 0 0
 4 0 0 0 2 0 0 0 6 6 13 0 0 0 0 16 24 0 3 0 0 0 10 34 0 13 0 0 2 1 0 7
 0 0 0 0 0 0 31 17 2 3 0 0 0 15 0 3 3 0 35 0 0 16 0 19 0 0 3 3 0 0 0 0
 3 0 0 0 0 0 0 10 0 0 0 0 0 0 16 18 0 0 0 5 0 0 0 0 19 0 0 0 0 0 0 0
 0 10 0 0 0 0 0 0 0 0 0 0 0 0 0 0 24 0 11 0 0 0 14 0 0 8 0 0 0 0 0 8
 15 0 0 0 1 0 0 0 16 0 8 0 0 20 38 0 0 17 0 0 18 0 0 0 0 0 0 0 0 0 31 0
 0 0 6 0 0 0 0 7 0 0 0 0 0 0 17 22 7 0 24 0 0 0 0 18 0 21 3 0 0 0 0 7
 0 0 0 0 0 0 10 0 0 0 0 0 0 0 0 23 1 0 3 0 0 0 0 0 0 0 6 0 0 0 0 0
 0 0 0 0 5 0 1 3 0 0 0 0 0 0 0 0 0 0 0 0 0 0 0 7 0 20 3 0 0 6 0 0
 0 0 17 0 22 0 8 22 0 0 0 0 0 0 0 43 18 0 44 0 0 0 20 0 0 0 12 0 0 8 0 0
 0 0 0 0 0 0 0 0 0 0 0 0 0 0 17 0 0 4 0 0 0 0 0 0 0 3 0 0 4 0 0 0
 14 0 0 0 0 21 0 0 0 0 11 0 18 0 9 0 0 10 0 0 23 0 1 0 0 0 0 0 0 0 48 0
 0 0 30 12 0 7 6 0 0 6 3 0 0 12 26 0 0 0 0 20 0 0 0 0 6 0 0 0 0 0 38 0
 0 0 0 7 0 0 0 4 0 0 2 3 12 0 17 7 0 0 0 3 3 0 0 0 0 0 0 0 0 0 10 0
 0 0 0 0 0 0 0 0 0 0 0 0 0 5 0 0 0 0 0 0 0 0 0 0 0 0 0 0 0 0 5 0
 0 0 0 0 6 0 0 0 0 0 0 0 0 0 0 0 0 0 0 0 0 0 3 0 0 0 0 0 0 0 0 0
 0 0 0 0 0 0 0 0 0 0 0 0 0 0 0 35 0 0 11 0 0 0 0 0 10 0 10 0 0 0 28 0
 28 0 0 3 0 0 0 0 0 0 0 0 0 0 0 0 0 0 0 0 0 0 0 0 0 0 0 3 6 15 0 3
 0 0 0 0 0 0 0 0 0 0 0 0 0 0 3 25 0 0 0 0 0 0 0 0 0 0 3 0 0 0 0 0
 0 0 0 14 0 0 4 0 0 0 0 0 0 0 21 0 0 3 22 0 0 0 0 0 21 0 0 0 3 0 0 0
 7 0 0 0 0 7 0 0 0 0 17 3 17 0 3 0 0 14 0 0 0 0 0 0 0 0 0 11 0 0 23 0
 0 0 0 30 0 0 0 0 0 10 0 0 41 35 7 0 0 38 0 35 0 0 0 0 33 0 0 0 0 0 21 0
 0 4 0 0 0 0 0 0 3 0 0 0 0 0 0 0 7 0 21 0 0 0 0 0 0 15 0 0 0 48 0 0
 0 0 0 0 29 0 0 14 5 0 0 28 0 0 0 0 0 0 0 0 0 0 25 0 0 35 0 23 0 7 0 4
 1 0 0 20 0 0 0 0 0 0 0 0 0 26 7 0 0 14 0 3 0 0 0 0 0 0 0 0 0 0 0 0
 0 0 1 0 0 0 0 1 0 0 0 0 0 0 0 0 0 0 0 0 0 0 0 2 0 0 0 0 0 2 0 0
 0 0 3 0 0 0 7 14 0 0 0 0 0 0 0 3 0 0 0 0 0 0 0 4 17 2 0 0 0 0 0 15
 35 4 0 42 0 25 0 0 0 0 8 22 0 0 0 0 0 0 0 14 0 7 10 0 34 0 0 0 7 0 0 0
 58 0 0 33 4 6 0 0 20 0 0 2 0 0 0 0 0 7 0 0 10 1 0 0 21 0 0 29 0 0 0 10
 0 5 0 0 12 0 0 0 0 0 0 0 0 0 0 28 10 0 10 0 19 0 0 0 0 0 0 0 0 0 0 0
 0 0 0 1 0 0 0 0 0 0 3 0 0 0 18 0 0 0 0 34 0 0 0 0 4 0 3 0 0 0 0 0
 0 0 3 0 0 0 0 17 17 0 0 0 0 0 0 0 0 0 0 0 12 0 8 1 0 32 0 0 0 2 0 0
