15
 0 0 0 0 1 0 0 0 0 0 0 0 0 0 1
 0 0 6 0 0 0 0 0 0 0 0 0 8 0 0
 0 0 0 0 0 0 17 16 0 0 0 0 34 0 0
 0 0 0 0 0 3 3 0 0 0 0 0 0 3 0
 41 0 3 0 0 0 0 0 0 0 0 0 0 0 25
 0 3 0 7 0 0 7 0 0 4 10 0 0 14 5
 26 0 0 22 0 13 0 0 11 0 0 3 3 3 0
 0 37 0 0 0 0 0 0 11 5 14 0 27 0 0
 17 0 14 15 12 14 0 0 0 18 0 0 0 7 0
 11 18 28 21 0 0 0 10 0 0 0 0 20 0 0
 29 7 0 7 9 0 0 0 41 0 0 42 0 0 2
 44 28 0 4 30 0 0 0 0 14 0 0 0 18 3
 7 10 0 17 17 0 0 0 0 0 0 0 0 0 0
 0 13 0 41 20 21 5 3 28 0 0 0 0 0 0
 17 0 3 0 0 0 0 13 0 0 10 3 0 3 0
