32
 0 0 0 0 0 0 0 0 0 0 0 3 0 0 0 0 0 0 0 0 0 0 0 0 0 0 0 13 0 0 0 0
 26 0 0 0 21 0 0 0 0 0 0 0 0 0 0 0 0 0 0 0 0 0 0 3 0 0 0 0 0 7 0 24
 0 10 0 44 0 0 3 2 0 13 0 0 0 0 0 0 12 0 17 0 0 0 0 0 0 0 12 0 0 8 21 0
 0 0 0 0 0 0 0 0 0 0 1 0 0 0 3 0 0 0 0 25 21 0 0 0 31 0 0 0 0 0 1 0
 0 0 15 0 0 0 10 0 8 0 0 0 0 0 0 0 0 0 0 0 0 0 19 2 0 4 0 0 0 14 0 0
 2 0 0 32 0 0 0 0 0 0 19 7 0 0 0 0 0 9 0 0 19 0 0 0 14 0 0 5 7 38 0 0
 0 1 11 0 0 0 0 0 0 0 0 0 0 11 0 0 0 0 14 10 0 0 0 0 0 0 0 0 0 3 0 0
 0 12 3 0 6 0 23 0 0 1 0 0 0 0 0 0 0 0 0 0 0 0 0 0 4 0 0 0 0 0 0 0
 0 3 0 0 0 0 0 0 0 0 2 0 0 0 33 0 0 0 0 0 0 0 3 8 0 13 0 0 2 7 0 8
 35 0 0 0 0 0 14 0 0 0 0 0 0 0 0 0 1 0 1 0 0 0 0 0 0 0 7 0 3 0 0 0
 14 0 0 0 1 0 0 0 0 0 0 39 0 0 0 0 0 0 0 11 0 16 0 0 0 0 0 0 0 0 0 0
 0 14 0 22 0 1 0 0 0 0 0 0 0 0 0 0 0 0 0 19 0 0 0 0 6 0 0 3 0 0 0 0
 0 0 0 7 0 0 0 16 3 2 0 0 0 3 30 0 0 0 0 19 0 0 0 0 7 0 0 0 0 0 17 2
 0 0 0 32 0 0 0 0 23 0 0 0 17 0 3 0 0 0 14 3 0 0 0 1 0 0 0 0 0 0 44 12
 0 0 0 0 0 0 0 0 0 0 0 0 0 6 0 0 0 0 0 10 0 11 0 5 19 0 0 0 0 0 0 0
 12 0 3 0 0 0 35 16 0 11 0 0 0 18 16 0 10 0 39 0 0 0 0 0 0 0 5 11 0 0 0 0
 35 0 6 11 0 0 5 24 0 14 0 0 0 0 0 1 0 0 30 0 0 0 0 0 0 0 3 2 8 0 1 0
 56 0 0 0 0 0 0 0 8 3 14 2 0 0 0 3 12 0 20 0 7 0 3 0 0 0 0 45 7 0 0 0
 2 0 0 0 0 0 0 3 0 13 0 0 0 0 0 0 0 0 0 0 0 0 0 0 0 0 3 0 0 0 0 0
 0 0 0 4 0 3 0 0 0 0 0 0 0 0 0 0 0 0 8 0 0 1 0 0 15 0 0 0 0 0 7 0
 10 0 0 0 0 0 0 0 0 0 33 7 0 0 0 0 0 0 0 24 0 0 0 0 20 2 0 8 0 0 0 0
 0 0 0 31 0 7 0 0 0 0 0 14 7 14 0 9 13 10 0 31 14 0 0 0 49 0 0 0 0 0 0 0
 0 20 1 0 3 0 37 3 0 0 0 0 0 0 0 0 0 10 0 0 10 0 0 15 0 47 3 0 0 14 0 24
 0 0 0 0 0 3 0 0 0 0 0 0 5 0 0 0 0 0 0 0 0 0 0 0 0 0 0 4 0 3 0 24
 0 0 0 4 0 0 0 0 0 18 31 0 0 8 0 0 0 0 0 0 0 0 0 0 0 0 0 0 0 0 0 0
 0 6 0 0 0 1 0 0 0 0 0 0 2 4 6 0 0 7 0 0 0 0 0 24 0 0 0 0 0 0 0 39
 0 24 7 0 31 0 10 15 0 0 0 0 0 0 4 0 0 0 0 0 0 7 0 0 0 0 0 0 0 3 0 0
 0 0 0 0 0 0 0 0 0 6 3 0 0 0 0 0 0 0 31 0 0 0 0 0 0 0 0 0 3 0 0 0
 6 0 0 0 3 0 0 0 11 0 14 3 0 0 0 7 0 0 24 0 14 0 0 0 0 0 0 27 0 0 0 0
 0 0 0 0 7 0 0 3 0 0 0 0 0 0 0 0 0 0 0 0 0 0 8 0 0 6 0 18 0 0 0 0
 0 0 0 0 0 0 0 0 14 0 0 0 3 0 24 0 0 0 0 0 0 24 0 17 4 3 0 0 0 0 0 9
 18 0 0 0 6 0 0 0 3 0 0 14 0 0 3 0 0 0 0 0 0 0 0 7 0 0 0 0 0 13 0 0
